"wavelength","1","6","18","19","28","29","31","39"
350,0.0256234225038163,0.0223629130754272,0.0163141792685385,0.028151254217874,0.0141287483992335,0.0112030991440058,0.0245021854620626,0.028964239961556
351,0.0272009556282772,0.0235488199694838,0.0176146523768345,0.0275599828327961,0.0184107651847347,0.0133897513723594,0.0261691055822161,0.033500612521998
352,0.0227091721648751,0.0180946525066958,0.0141656657449715,0.0188155266126782,0.0176160848619371,0.0143781661003256,0.0204934761735601,0.0306696216895417
353,0.025834126827262,0.021330778637414,0.0151216307194183,0.0207010922521504,0.0197557894325604,0.0165621143026946,0.0219604324926752,0.0266173427724765
354,0.0266722387575364,0.0206080463494155,0.0160505999460898,0.0209079172203079,0.0182675493344549,0.0176480871984301,0.0228766955538391,0.0230134170526755
355,0.0256155095899818,0.0185604821340553,0.0161351934950699,0.0206746350399191,0.0159816475267884,0.0169720459380262,0.0217584567361614,0.022907568916845
356,0.0251156775751119,0.0198195483678536,0.015571733672836,0.0227610109100511,0.0166246713039808,0.014676888913583,0.0192046065954654,0.0272413888482021
357,0.0252374003292698,0.0200239575004612,0.0157241258274232,0.0209982917672147,0.0165658493880012,0.0121277844570951,0.0193520339073643,0.0252921222568412
358,0.0262870038449357,0.0201701254124804,0.0155986830425495,0.0204151697023446,0.0170458717238833,0.0125078923777236,0.0201584022021386,0.0244719107705051
359,0.0272969357793071,0.0203612264864275,0.0147574001745498,0.0223282146698587,0.0181050715382519,0.0153515651475373,0.0199944137582552,0.0269287716199469
360,0.0242691528499562,0.0178896615904048,0.0136867536427343,0.0197141307687932,0.0166792805443133,0.0132188332659364,0.0181046506492071,0.0226033145147444
361,0.0243740911886538,0.0179245740965524,0.0143370149383096,0.0197030477944027,0.0169050533128957,0.0123798787459733,0.0185361116364872,0.0224319835241864
362,0.0272314837733145,0.0200292908021905,0.0166028367960795,0.0225061912893173,0.0186016101097493,0.0141423506135989,0.0208754836232675,0.0258560817509059
363,0.0283205421739703,0.0206968492068961,0.0190991569550222,0.0245640875863615,0.0193071769954939,0.0170747161713361,0.0222288580270404,0.0261993963869128
364,0.028878395975125,0.0215130831557601,0.0197935229202851,0.0234159420772391,0.0210768199729229,0.0159985391583249,0.0240122887331814,0.025968135437605
365,0.027867073373191,0.0204874598293012,0.0177571769900456,0.0212143529106628,0.0208575229982206,0.0135662504694899,0.0236295309366642,0.0258162531524656
366,0.0251225254119541,0.0167981587383067,0.0137704741909854,0.0204072997014957,0.0169718083259684,0.0131197378778398,0.019872207448116,0.0259546817482735
367,0.0255618334311032,0.017063743884669,0.0142661194994168,0.0200012744639454,0.0173177471466258,0.0137337077306838,0.0201582776416075,0.0259661244547227
368,0.0263846735666717,0.0182635439184504,0.015663310813307,0.021121141928655,0.0187852767887899,0.0138893924433113,0.0211300788661194,0.0256186499658438
369,0.0263912412807404,0.0188573519323239,0.0159223613797727,0.0231989460271822,0.0195594730383755,0.0134869361195396,0.0210603360837153,0.0253198985166012
370,0.0273325316835236,0.0202232994735823,0.0157861500068015,0.0227350095379852,0.0204093577019617,0.0148935461205438,0.0212459114466546,0.0268036227288551
371,0.0269776843636533,0.0201033427818475,0.0146206663083742,0.022708596326548,0.0199533685703189,0.0141656238309232,0.0206958480213786,0.0266520842921099
372,0.0259142008718419,0.0187641351284971,0.0134987344567273,0.022624850434561,0.0186477420357279,0.0126453018603154,0.0198648080658593,0.0249096558736209
373,0.0260215584509605,0.0177788855052322,0.0142202196504841,0.0207790948712131,0.0178626392135839,0.0139305429472607,0.0199038584584773,0.0234040759285526
374,0.02772653679618,0.0191196066832016,0.0159939232560792,0.0210200435134487,0.0180891893438193,0.016029955443078,0.0218969155284585,0.0248169230680802
375,0.0286210791583998,0.0203172854365047,0.0172661908432253,0.0213849878647899,0.0189457966895097,0.016584334068036,0.0224212187052053,0.0262813908542158
376,0.0272491038097912,0.0195677273957218,0.0169406501689545,0.0201184444352026,0.0197981918498137,0.0146182423428325,0.019727354141008,0.0253936322044509
377,0.0271388473365196,0.0202628521596471,0.0156375442260714,0.0197943749446806,0.0200100447008686,0.0138418085945814,0.0206341144591932,0.0247866711357475
378,0.0263118087750449,0.0198113920845524,0.0144783352398474,0.01858840917845,0.0185899375993334,0.0130249157644405,0.0201195608582044,0.0236957349574878
379,0.0247748306535975,0.0181092457807782,0.0139803485292357,0.017145026101192,0.0167134401420537,0.0122510919311314,0.017771158133645,0.022532146044313
380,0.0253335915581945,0.0183942260930765,0.0140870185775791,0.0196448841955943,0.018661404877462,0.013550113748341,0.0194550710116339,0.0234676385699558
381,0.0252277223139559,0.0187906635562805,0.0130371462753698,0.0213539936452113,0.019155730171223,0.0144461502817433,0.0203540223855011,0.0239442879475675
382,0.0247169839265615,0.0187520261418306,0.0126157150934314,0.0210292896967538,0.0181078928915267,0.0141067389356115,0.0200267254850754,0.0238637368288378
383,0.0250841190866223,0.0182397996220414,0.0153075298201691,0.0190999230921959,0.0174126988171901,0.0125501184798964,0.0196509763029699,0.0239151942813016
384,0.0257863583645814,0.018026464429009,0.0144673096100294,0.0188768376382907,0.0175749214549538,0.0116096317374733,0.0199361780221809,0.022459942225914
385,0.0262299176650049,0.0180993089267072,0.0130596621926832,0.019739712278534,0.0180028775929184,0.0118280258048757,0.0199503033962375,0.0218579363722267
386,0.0260067156359084,0.0181419734031579,0.0136194145436472,0.0203402768635247,0.0180343355207296,0.0127764612771349,0.0190807036130983,0.0232720311584585
387,0.0250288954946325,0.0171107576790859,0.0133210087447584,0.018733765248198,0.0172031917837081,0.0117831833941256,0.0181508273656707,0.0226858163159276
388,0.0247538298337075,0.0169676687472122,0.0129157905210159,0.018304618390973,0.0167721861657638,0.0110918332604592,0.018470818090954,0.0228012251415126
389,0.0253619282928187,0.0179345088678559,0.0128492174446039,0.0196728102518179,0.0171240498450894,0.0115597993099742,0.0195624294871052,0.0239398252050799
390,0.0256495699725073,0.0183390171690977,0.013232698338598,0.0205109012932633,0.0177067972867859,0.0126165490567055,0.0188416616708517,0.0238052324830111
391,0.0260922594691503,0.0189962481472263,0.0143135913202375,0.0207003323012506,0.0187889896053595,0.0136682140215048,0.0195534124485834,0.0232925940581321
392,0.0263256753583352,0.019455991196711,0.0151973451346251,0.0207509246607272,0.0194388087555706,0.0143193353298266,0.0210326218208872,0.0231574062364209
393,0.0258202342910484,0.0189927511234069,0.0146931759060508,0.021222807658246,0.0185597958407393,0.0142223386842196,0.0213117857462554,0.0238982796131559
394,0.0248256116193827,0.0180238085369254,0.0126368800920989,0.0197065582908261,0.017409573857314,0.0121052328321252,0.0194449536654742,0.0233904029144088
395,0.0246833551754941,0.0177037341109979,0.0119580445297163,0.0185605928886937,0.0168164927778433,0.0109702502876121,0.0182303287121904,0.022690413688373
396,0.0257336099707283,0.0183835862971004,0.0137897082214288,0.0192059239392098,0.0170067631965155,0.0123121382202249,0.0191792839175263,0.0227020008966978
397,0.0252259148632365,0.0180766327690965,0.0135131851575098,0.0188821455179324,0.0168450562788627,0.0122492809431734,0.0190917707234229,0.0228474624681263
398,0.0248876634790276,0.0173990141029971,0.0125319516795066,0.018830658387287,0.0168589690978129,0.0119736385432246,0.0189643606849441,0.0225757531715181
399,0.0252349729967645,0.0170592390580779,0.0120293283337799,0.0191995115483711,0.017178188757378,0.0119739157402891,0.0191272668904586,0.0220729354499554
400,0.0256044446209941,0.018021403580708,0.0131974384352666,0.0189918894838227,0.0175568696870209,0.012052629756679,0.0192724344354135,0.0223534460035183
401,0.0254845519262722,0.0179229287278379,0.0127114808569669,0.0188446604135846,0.0174990781060083,0.0119081950672346,0.0187340184287425,0.0219403312186055
402,0.0253827466201215,0.0176163778156894,0.011913212638303,0.018851024295082,0.017565983508471,0.0120300379659759,0.0185265214877477,0.0219237944593899
403,0.0260118801045206,0.0187223910221427,0.0132875343959645,0.0189467615313895,0.0184414910589215,0.0129827828779939,0.0198727504903355,0.0237782409953775
404,0.0262596562416327,0.0190189013514589,0.0140372792567047,0.019228429091055,0.0181531257955209,0.0133731249856009,0.020067040273941,0.0240955886676911
405,0.0259151972668483,0.0187550719601851,0.0135938360534188,0.0194057946849897,0.017570164783875,0.0130490657996143,0.0196030976733127,0.0235248416404616
406,0.0252685475493712,0.0184532784885673,0.0123776916428472,0.0193718781078859,0.0175249719249647,0.012415435037396,0.0192777807655772,0.0230028693971286
407,0.02575437988061,0.0185219189320753,0.0127328989144343,0.0198272163184338,0.017861743675632,0.0131122202955921,0.0196620213096383,0.0227253892314451
408,0.0257526272912914,0.0182256277493385,0.012731310534425,0.0190999321147173,0.0175836252850109,0.0127976007469817,0.0192868003119085,0.0222450069013867
409,0.0250499545978913,0.0175660016407016,0.0120315934099619,0.0175433486270157,0.0168958434525988,0.0115407576477313,0.0181750790128987,0.0216330828427497
410,0.0249249955038945,0.0173175736932977,0.0119860040885106,0.0177700403375154,0.0173765367167028,0.0120919415831955,0.0179680818453613,0.0215410809772277
411,0.0250936226022996,0.01757767248764,0.0121114544655062,0.018333328102347,0.0176693884627223,0.0125438318383533,0.017936884866304,0.0216468227985418
412,0.0251752787045129,0.0178462425418153,0.0120110977204406,0.0185278758402161,0.0172821248197031,0.0123629909275322,0.0180020436154387,0.0215605878124442
413,0.0247946026796448,0.0174974692649492,0.0114190380361531,0.017989822724193,0.0161961120695768,0.0115842387669479,0.0182318128641413,0.0209924899371047
414,0.0245213719832813,0.0174212377868568,0.0115811123105998,0.0179123842946073,0.0162554473549386,0.0115032129552257,0.0182523697376014,0.0212683912390506
415,0.0247821268990212,0.0178123174211221,0.0124119676697439,0.0183359739935926,0.0171104294071817,0.0118889362104683,0.0183753423630757,0.0218442198100894
416,0.0255404719849388,0.01849856075679,0.0133564823741239,0.018937102048192,0.0180188940047633,0.0122771886954067,0.0187942475842345,0.0221336885550352
417,0.025491118551437,0.0185841898923462,0.0130113044823035,0.0188852170804584,0.0181863446029742,0.012279732869577,0.0191414057120941,0.0222988854569612
418,0.0252450723957218,0.0183095890264269,0.0125734130824271,0.0185114419779234,0.0176829961504295,0.0119527858625174,0.0189736978872233,0.0221574501826968
419,0.0251080020087059,0.0179481443409502,0.0124434342030521,0.0181600211664962,0.016993483188832,0.0115619802727615,0.0183486880881029,0.0217875116814925
420,0.0250024916423941,0.0178049703964898,0.0119880980957249,0.018240156290788,0.0172216142887058,0.0116758549760051,0.0178809104399782,0.0215856809705542
421,0.0249164953556917,0.0179360383509328,0.0118868050333449,0.018283028310359,0.0172865330630012,0.0119018999354041,0.0179645512725007,0.0215946340269747
422,0.0249970161895605,0.018155494807162,0.0120786851662241,0.0183300423277906,0.017217790055864,0.0120870319502155,0.0184246639147059,0.0217162634282527
423,0.0253966607523698,0.0181710113043568,0.0122030646361226,0.0185839836266701,0.0174400327687271,0.0121534760901532,0.0187815256455458,0.0217679788408052
424,0.025199368701107,0.0181243168879224,0.0121880564672215,0.018498110074352,0.0175073353638463,0.0119903299638608,0.0185112601465844,0.0216315739866871
425,0.0249456033326474,0.018094889341566,0.0121617998450809,0.018261011175556,0.0176043658099695,0.0118509181123585,0.0182390245691884,0.0215742663455478
426,0.0251195401109219,0.0181107695086464,0.0121847477570864,0.0181442148891834,0.0178025362703229,0.0118999194596274,0.0184510528893086,0.0217364698012708
427,0.0249800332864858,0.0180028800504257,0.0118031686239639,0.0182257367189955,0.0172230915218479,0.0116766265346265,0.0182818095332484,0.0214774388471351
428,0.0249534522098522,0.018113087804617,0.011848360763997,0.0184142389753826,0.0169659063998652,0.0117619435981189,0.0182324331974464,0.0213803087336437
429,0.025093737781727,0.0184125588786555,0.0123303902626116,0.0185381593360623,0.0173218885408757,0.0121596462669743,0.0184100658488699,0.0215517454695229
430,0.0247367740625691,0.0182099173072665,0.0117839694040642,0.0182096807099953,0.0172399935567745,0.011842025413999,0.0181976500645927,0.0212399868449896
431,0.0246883286827611,0.0181443218026494,0.0117398057124903,0.0181425051927996,0.0172353692071179,0.0117474158294105,0.0181244416380559,0.021161307737387
432,0.0249768777292359,0.0183517602364007,0.0122298513498689,0.0183491428634706,0.0173921209018453,0.0119533886863251,0.0183042783573152,0.0213867740027561
433,0.0252227531027028,0.0187118545685721,0.0125113861067087,0.0184684939002386,0.0176020081797487,0.0121091545506065,0.0186399259788494,0.0216569287368334
434,0.0253052707220444,0.0188011101113816,0.0123002767468712,0.0185137154420629,0.017692936513621,0.0122376830494078,0.0187903799065384,0.0217536886812422
435,0.025182484866512,0.0186442027974791,0.0119674923158913,0.0184318464952255,0.0176820851372402,0.0122342993094149,0.0186635003669531,0.021697033340867
436,0.0249041522896594,0.0184235330465048,0.0119394593995272,0.0182326581397276,0.0176098608901623,0.0120557901640576,0.0183338970631716,0.0215677423265548
437,0.0247330483034175,0.0184582207117573,0.0119786785219201,0.0182245676176242,0.0172843716484881,0.0120152341584764,0.0183094269893406,0.0213115404111301
438,0.0249182033733183,0.01874759194177,0.0121235176573098,0.0184505117091308,0.0172737098506445,0.0122588272257151,0.0184974054854302,0.0214160206259441
439,0.0253230576568373,0.0190819469136178,0.0122851927871153,0.0187340798291804,0.0176675562743744,0.012599288931247,0.0186806053931466,0.0218637693579265
440,0.0249460520366061,0.0187854272118931,0.0120004152385062,0.0184087781414027,0.0174325816398505,0.0120830011653883,0.0184022970385212,0.0214604429881048
441,0.024751473184735,0.0186566677063205,0.0119277770363411,0.0182482384950999,0.0173896287633766,0.0117811729201043,0.0183146272453923,0.0212073953012781
442,0.0249223521972358,0.018867583726355,0.0120831598143195,0.018386137446079,0.0176385384679256,0.0119384125245332,0.0184831631392817,0.0213799307184125
443,0.0250728905418213,0.0191325437400957,0.0119819513530049,0.0184824514956593,0.0177505674283654,0.0122005207396957,0.0185255340220832,0.0217487305046011
444,0.0250979566794574,0.0192826840882375,0.011970510161556,0.0184656277305878,0.017713747888793,0.0122033184168117,0.0186285091446731,0.0218344650165437
445,0.0251064246125193,0.0193154915144713,0.0120715263391068,0.0184958445523368,0.0176282869648719,0.0121625133681369,0.0187216031891796,0.0217641656828269
446,0.0252476699264747,0.0193119739934299,0.0122056571839343,0.0187548410651563,0.0176349667599606,0.0124011086623184,0.0187035361122119,0.0218344669784268
447,0.0252942417998575,0.0194582581063618,0.0122666959118895,0.0188900484640037,0.0177513599513913,0.0123693891027908,0.0188383592316805,0.0219140291086219
448,0.0252136272375331,0.0194842716742559,0.0122561992746454,0.0188382090816083,0.0178030335682512,0.0122556861871868,0.0188686057183512,0.0218891460611625
449,0.0250541599507781,0.0192709188859183,0.0121747276464884,0.0186534787963898,0.0176961884744894,0.0122429809046949,0.0186638908256372,0.0217454806719321
450,0.0250084230873336,0.0192525323747766,0.0119017524827349,0.0185850350864577,0.0175906285340868,0.0122365625123239,0.0185875120683453,0.021743620832425
451,0.0250570006499326,0.0194339805785599,0.011966274933592,0.0186665304424503,0.0176749999464687,0.0123521674297528,0.0187387305504143,0.0217720086272095
452,0.0251542164474903,0.0196944666387609,0.0123311828425552,0.0188270999678464,0.0178713855450764,0.0125215466189518,0.0190079332312568,0.0217901870419711
453,0.0252188913338449,0.0197415941108886,0.0122486528548685,0.0188543764672506,0.0177504844114561,0.0124238740557079,0.0190201429655761,0.0218396756166905
454,0.0252571680974673,0.0197128034964771,0.012269114638785,0.0189026975929353,0.0177005179416571,0.0124687243336261,0.0188366763725121,0.0219007359664958
455,0.0252342459492078,0.0196887633768795,0.0123600067074716,0.0189609405850856,0.0177537361017909,0.0125544673523098,0.0186917275801799,0.0219162598802005
456,0.0251188254238749,0.0197335829589335,0.0122769547881915,0.0189548065668524,0.0177979170386604,0.0123909122208393,0.018877284699437,0.0218256180339439
457,0.0251322698289724,0.0197478169636485,0.0122214087147606,0.0188719426420137,0.0177834450056613,0.0123314100052935,0.0188255016372959,0.0218244922361412
458,0.0252014345171103,0.0197763418015745,0.0121843381732429,0.0188088696326279,0.0177379956191401,0.0124343114926418,0.0187712063738569,0.0218459134121291
459,0.0252192316113857,0.0198677519297719,0.0121403031211833,0.0188265129722891,0.0177097098792624,0.0126264615331551,0.0189242851139127,0.0218159556312951
460,0.0251593301582133,0.0199630623929432,0.0121357180104816,0.0187067613637569,0.0177299001831643,0.0125002288476019,0.0186891750912998,0.021835675958547
461,0.0252832637796058,0.0201786000247844,0.0123096801670394,0.0188442185515446,0.0179422370020737,0.0125752499454689,0.0187189224061471,0.0219740915578758
462,0.0255675125494315,0.0204454014460206,0.0125771873180079,0.019251776288332,0.0182332873175655,0.0129303526488417,0.01915040469689,0.0221826281656812
463,0.0254231089879723,0.0202998402518223,0.0123886882648275,0.0192023225958442,0.0179441737484004,0.0127430648757291,0.0191068650700593,0.0222068824643167
464,0.0253018606650242,0.0202104099973911,0.012300227281519,0.0190465531413828,0.0177950116587705,0.0127208456712352,0.0190058285488346,0.0220643188891711
465,0.0252898059251406,0.0202581409565563,0.0123793297288191,0.0189653591671621,0.0178639297541568,0.0128172731900922,0.0189580821865499,0.0218924665944763
466,0.0252635446547742,0.0202915800460528,0.0123957840868542,0.0190755476562335,0.0178349312029824,0.0125215676552088,0.0189246734705121,0.0219355728059484
467,0.0253298951071143,0.0203881779839065,0.0124129167214725,0.0190424960077997,0.0179350266265731,0.0126541320975545,0.0190714391520251,0.0220374955363641
468,0.0253899166428938,0.0204618178153773,0.0124341211796235,0.0189515803099431,0.0180274323941358,0.0128746580919409,0.0191894014436923,0.0221228309314315
469,0.0253199090989312,0.0204165685292438,0.0124330106795155,0.0189687913386457,0.0179274203943618,0.0126597949367398,0.0190341706157321,0.022135622487785
470,0.0252131912379015,0.0203797186061987,0.0122314505906055,0.0189328166307008,0.0177808548523974,0.0125696790981125,0.0188632124986109,0.0220177849021705
471,0.0251797711612553,0.0203849780359754,0.0120943128384731,0.0189361641451799,0.0177668459981362,0.0125729925613072,0.0188502947824263,0.0219887335335881
472,0.0252557826328759,0.0204477271720698,0.012196485251073,0.0190231633604283,0.0179276026735318,0.0126007290383645,0.0189988876406904,0.0221368636485332
473,0.0252811233547583,0.0205713914436064,0.0124087152615412,0.0190393879156661,0.0179450326009545,0.0126401285770868,0.0188601218022502,0.022137200964049
474,0.0254028184034631,0.0207528315526887,0.0125484016708247,0.019145544499221,0.0180317127794492,0.0127858312675777,0.0189678199432364,0.0221968793250862
475,0.0255454998683059,0.0208998034264008,0.0125591691325853,0.0192887859302441,0.0181555591549855,0.0129644962061605,0.0192821057843923,0.0222938264817689
476,0.0253496700372774,0.0207863000960196,0.0125124497657328,0.0191489600191855,0.0179828429111001,0.0128903678581481,0.0190957997392216,0.0221252651098045
477,0.0253665357934352,0.0208324795272482,0.0125080751965852,0.019210746086368,0.0180908371175188,0.0128782944273114,0.0190471253059239,0.022213630955674
478,0.0255137240240958,0.0209641810046162,0.0125342397986901,0.019352812675527,0.0182889487510483,0.0129502656197033,0.0191332266894234,0.0224171834873623
479,0.0254682285359358,0.0209237818615341,0.0125343860952896,0.019234461088145,0.0181145117516709,0.0130125493886945,0.0191199449462124,0.0223449518014016
480,0.0254751616117096,0.0209947017756458,0.0126294260353842,0.0192223127728805,0.018150168322447,0.0130725512958499,0.0192212033107401,0.0223127679711593
481,0.0254828851911372,0.021072005477669,0.0127075731175611,0.0192725736542999,0.0183140506444219,0.0130238182942234,0.0192965214361474,0.0223536185130256
482,0.0254256638864254,0.0210368325814501,0.0126685108408478,0.0192765531166557,0.0184047597020997,0.0128385342336255,0.0192265528436374,0.0224237148436885
483,0.0253687755820103,0.0209676623803738,0.0126131471934361,0.019132962586866,0.018201802906285,0.0128607196476031,0.0192143040136643,0.0223390181663802
484,0.0254355173025351,0.0210785874706295,0.0126422226059011,0.0191791391183629,0.0181572938210603,0.0130032270853369,0.0193073173138761,0.0224498589869023
485,0.0256156750534205,0.0213526201661297,0.0127417321934103,0.0194559719637204,0.0183954873207471,0.0131564157409985,0.0194591530221066,0.0227754443826084
486,0.0256670990601041,0.021332898832045,0.0126799281294031,0.0194369031448982,0.0184307025180568,0.0132051425144512,0.0194702894465868,0.0226729252788079
487,0.0255694364643546,0.0212832678820924,0.0126170460340444,0.0193562107914375,0.0182943391913091,0.0131049007164611,0.0193451561919691,0.022565111315995
488,0.0254740590265046,0.0213342264510421,0.01264863581855,0.0193305153133722,0.0181637727456261,0.0129677538325757,0.0192209695497539,0.0225948289008036
489,0.0256808521190835,0.0215572255423896,0.0128444955891431,0.0194312318637606,0.0183611940755474,0.0130345302804725,0.0193524969776156,0.0227521926114105
490,0.0257008434776747,0.021546310987556,0.0127379749443341,0.0194444455210006,0.0183598278460326,0.0131454325278055,0.0193774973281084,0.0227500019239843
491,0.025597395159024,0.021486579043525,0.012581130595917,0.0194258053261999,0.0182831335773361,0.0132168888756249,0.0193495749017677,0.0227030865698295
492,0.0255755931004739,0.0216681348064658,0.0127497488630206,0.0194760377642855,0.0183871254975938,0.0132010624082432,0.0194172562484768,0.0227914816481734
493,0.0256028847275005,0.0217289085788764,0.0127925362880374,0.0193681891787231,0.0184023747524287,0.0131950472553536,0.0194967225608391,0.0226669923402195
494,0.0256075588589214,0.0217303721036333,0.0127585822937503,0.0193128676839042,0.0183707733501781,0.0131562213040168,0.0194770845885238,0.0225606259875521
495,0.0255734431313556,0.0217647061232486,0.0127494678060627,0.0194485128997872,0.0183575176003713,0.0131065012972309,0.0193553650312746,0.0226708074784588
496,0.0256695252040643,0.0218756564051702,0.0128627165835178,0.0195874300602825,0.018385715133628,0.0133361146016743,0.0194433354530281,0.022967059028869
497,0.0257676916577664,0.0220029826018559,0.0129343665726161,0.0197341513777259,0.0184877601654883,0.013498159222348,0.0195847862926596,0.023167015703872
498,0.0258031239592751,0.0220926864243315,0.0129414791567866,0.0198280465714913,0.0186028503105486,0.0134764080167679,0.019680267525852,0.0231825172939762
499,0.025771471887726,0.0220733203916186,0.0130528940780354,0.0196837242577476,0.0185171793568524,0.0134206656313177,0.019686927453887,0.0231473698271858
500,0.0257930928041088,0.0221459124675869,0.0130697761980012,0.0196639112753299,0.0185433900828617,0.0134297209179441,0.0196327375028546,0.0231281845643108
501,0.0258843371563357,0.0222999928560049,0.0130416963731477,0.0197744175793252,0.0186984893569495,0.0134989719059878,0.0196265510456581,0.0232210449435175
502,0.0260019318087375,0.0224175628680041,0.0131224883826868,0.0198479793429142,0.0188494596192956,0.0135589248754045,0.0198025046216809,0.0235049904977195
503,0.0259626394022787,0.022368554116477,0.0130185152433731,0.019782513255722,0.0186653313584111,0.0134906052049326,0.0197036004608493,0.0234225564227539
504,0.0259459082541234,0.0223564253883231,0.0130065722940107,0.0197827671433735,0.0185364921577761,0.0134847462856575,0.0196405140534703,0.0233360957599475
505,0.0261165849380457,0.0225560119822238,0.0133148417250162,0.0200078839047336,0.0188151279960851,0.0136859043577945,0.0199186473926365,0.0236227645733174
506,0.0261346311069639,0.0226024947923935,0.0132949501658133,0.020015573716203,0.0188153078378785,0.0136288935857624,0.0199429797121872,0.0236624863612884
507,0.0261485991864484,0.0226184195971495,0.0132195613605299,0.019998880942961,0.01875202350432,0.0136212375862811,0.0198895565732172,0.0236195934579941
508,0.026250743165221,0.0227017552499755,0.0132797481549407,0.0201023013947015,0.0187976193140509,0.0138022571298439,0.0198988300523395,0.0236729397391217
509,0.026348433865017,0.022838012005535,0.0133717484417732,0.020309694387014,0.0189189433535618,0.013835217741956,0.0199156841825341,0.0239571149745347
510,0.0264431311201995,0.0229614918768763,0.0134407029748665,0.0203921107667852,0.0190058646074729,0.0138990370632101,0.0199989483242963,0.0241834868080617
511,0.0265148278592269,0.0230455042337285,0.0134751156798695,0.020359645056839,0.0190342642056543,0.0139973874033638,0.0201097140716334,0.024283484063357
512,0.0265169522008661,0.0230906349940298,0.0135011401303324,0.0204467816283762,0.0190521333240356,0.0139769738641485,0.0201080050022134,0.0243716312188261
513,0.0266151294306343,0.0232215862000197,0.0135792935428116,0.0205436272318325,0.0191536619933607,0.014015498958191,0.0201811437918852,0.0245679407004203
514,0.0267965852725206,0.0234036434681895,0.0137468231367741,0.0206569251393321,0.0193164627327183,0.0141252354460544,0.0203375962370633,0.0248327577146626
515,0.0269684595500159,0.0235380964638329,0.0140013970893464,0.0208134108679957,0.0194617736608916,0.0142469871909474,0.0205040285644949,0.0250536922840999
516,0.0269501193912849,0.0235567487745675,0.014018034298131,0.0208377536773063,0.0194556106867755,0.0142044881926568,0.0204474990879864,0.0251186685089906
517,0.0269649333156244,0.0236141057228024,0.014007138608743,0.0208944247562856,0.0194714477622112,0.0142016687419204,0.0203631495980214,0.0251927165943212
518,0.0271793635535393,0.0238143409449447,0.0141617859676013,0.0211101919294326,0.0196278980296163,0.0143895314784215,0.0204423413746686,0.0254045571875278
519,0.0272810179197793,0.0239262621941997,0.0142541408679163,0.0212685126175807,0.0196176024211294,0.0144750379789726,0.0205915622550876,0.0255573051788851
520,0.0273685766286456,0.0240364956203404,0.0143356753914251,0.0213333103141641,0.0196559796285223,0.0145454730375734,0.0207200771472237,0.0257382801355466
521,0.0275028619086017,0.0241883234582075,0.0144428712614372,0.0213584419362139,0.0198153364309207,0.0146424721342483,0.0207980252710522,0.0259681758684768
522,0.0276700715221044,0.0243386415302606,0.0145829674996902,0.02157452903281,0.0198955585197264,0.0147006876912338,0.0208987222360218,0.0261350518524829
523,0.0277700881548033,0.0244453437831009,0.0146545686277154,0.0216754932794253,0.0199422714466504,0.0147770278220455,0.0209593023953498,0.0262584221774574
524,0.0278292161181416,0.0245426852626573,0.0146949252995165,0.0216859455649155,0.0200042519916294,0.0148613698953536,0.0209974662585338,0.0263950081275601
525,0.0279672713845104,0.0247252278936786,0.0148442811105489,0.0218571819818682,0.0201480890724302,0.0148971378072972,0.0210864195900721,0.0266401949073036
526,0.0281342880855743,0.0249019422844549,0.0149537248112982,0.0220531475238251,0.0202520649951859,0.0149536849272024,0.0212272407314418,0.0268110769318627
527,0.0282684202120238,0.0250385282898657,0.015022429006358,0.0221873832222822,0.0203043448483458,0.0150312413731092,0.021352080033463,0.0269494605688759
528,0.0283279793498165,0.0251322552112027,0.0150964834601843,0.022217136246457,0.0203379599405385,0.015115309976854,0.0213931685373192,0.0271551396482096
529,0.0285079436478521,0.0252986067112769,0.0152282507496106,0.022384440140962,0.0204599061462093,0.0152567166046339,0.0214964499824239,0.0274058921659665
530,0.0286936250044612,0.0255001371720399,0.015384254760882,0.022604503085761,0.0205877951427216,0.0153902154948459,0.0216149533836619,0.0276373406512789
531,0.0287876713137172,0.0256859372377615,0.0155191608350769,0.0227723919018374,0.0206579736935136,0.0154586581806796,0.0217033157143326,0.0278081345171227
532,0.0288573206075125,0.025821312182925,0.0155746558990117,0.0228411221612419,0.020738817084049,0.0154462003099779,0.0217963005567658,0.0279476822086242
533,0.0289781541011781,0.0259807866426773,0.0156662644151876,0.0229541617137269,0.0208405292579397,0.0155342642198348,0.021919231928802,0.0281475371207851
534,0.0291491136761552,0.0261804078452481,0.0158289769611534,0.0231395496599128,0.020949581125583,0.0157323880171533,0.0220502991193622,0.0284070571577354
535,0.029251389366341,0.0263474654045342,0.0159879177910455,0.0232486793963904,0.0210013324919909,0.0157887257923354,0.0220796649578889,0.0285858235111053
536,0.0293700492893639,0.0265337767414484,0.01612881327126,0.0233976523726522,0.0211519451214926,0.0158364548510261,0.022161826889581,0.0287565168046882
537,0.0295021903061283,0.0267340249885832,0.0162352434083745,0.0235686096219013,0.0213338372846745,0.0159113994298188,0.0222933328689312,0.0289368395977497
538,0.029602714663006,0.0269140632234433,0.0162961084779417,0.0236754743689329,0.0213533149106253,0.0160108460397755,0.0223868446705966,0.0291225627128601
539,0.0297365809047565,0.0270856711800395,0.016440384401415,0.023790647903958,0.0214054199699053,0.0161044608082637,0.022503403233798,0.0292988413658576
540,0.0298854101564717,0.0272800015450032,0.0166213134367596,0.0239417451728629,0.0215186699629641,0.0162049073449351,0.0226314105179669,0.029499527825498
541,0.0300195153147907,0.0275236033783077,0.0167582327554876,0.0241355486671475,0.0216691677025578,0.0163319067525723,0.0227474213462588,0.029755145498678
542,0.0301853213178351,0.027778097622646,0.0168748418363723,0.024317702155077,0.0217754673485162,0.0164758277511994,0.0228625670622907,0.0299934201042889
543,0.0303524859133148,0.0280295896370841,0.0170234564569035,0.0245115523957203,0.0218887007855015,0.0166117197250682,0.0230090990717568,0.0302200452539401
544,0.0305028596696842,0.0282747985267733,0.0172255542096339,0.0247259591192916,0.0220458079658472,0.016731202553228,0.0231910450773792,0.030448804321581
545,0.0306753255310617,0.0285283398499892,0.0174245142061919,0.0249094859186236,0.0222181477165874,0.0168761762978869,0.0233344637578272,0.0306977283250383
546,0.0308122056189105,0.0287933826903918,0.0175791538893862,0.0250777556393271,0.022359960386964,0.0169998681127894,0.0234623571427194,0.0309134720691101
547,0.0309203079086386,0.0290697456204621,0.0177068268952541,0.0252516918429049,0.0224744174539147,0.017106587434378,0.0235925334405443,0.0311074534837962
548,0.0310915908667107,0.0293555443288412,0.017907565431885,0.0254694422777663,0.0226310687621416,0.0172717342608044,0.0237379841427091,0.0313817559139376
549,0.0312464520001231,0.0296199894897692,0.0180704954468549,0.0256360014572595,0.0227452377541286,0.0173883976120395,0.023918152659946,0.031606373465148
550,0.0313892348537562,0.0298862240712472,0.0182078190825171,0.0257920206033789,0.0228461095088491,0.0174757746978848,0.0241058728427682,0.031797354968392
551,0.0315577702644201,0.0302012165516938,0.0183848469608684,0.0260379704872507,0.0230122133409671,0.0176096960940377,0.0242502968192696,0.0320349824645536
552,0.0316681425493721,0.030467168086161,0.0185194279485657,0.0262110204932052,0.0231355679477471,0.0177120190285508,0.0243817842826049,0.0322167928484091
553,0.0317795171308665,0.0307426257962449,0.0186569992805789,0.0263612663249197,0.0232496044514878,0.0178194737545499,0.0245241345370855,0.032412564746231
554,0.0319550669376986,0.0310906942061849,0.0188500425784368,0.0265673506155634,0.0234038286120102,0.0179748355076235,0.0246918073117543,0.0326934863167546
555,0.0320993141261273,0.0314023857678643,0.0190295459415235,0.0267939060227428,0.0235605952217358,0.0181193021965164,0.0248513576845573,0.0329328854496737
556,0.0322309111393465,0.0317088630108502,0.019228771200575,0.0270123936418053,0.023699892136883,0.0182403754478798,0.0250297938362795,0.0331419008374098
557,0.0323682347929265,0.0320373964598266,0.0194517975223413,0.0272127998578303,0.023828820232539,0.0183524173149833,0.0252341548001695,0.0333449908127944
558,0.0325060202886657,0.0323812602472759,0.0196075390906917,0.0274235810657513,0.0240175208809775,0.0185295394391327,0.0254134863456586,0.0335727225214552
559,0.0326627638446022,0.0327442870364619,0.0197859272536924,0.0276574526124496,0.0242324633159594,0.0187062486899714,0.0255944810994288,0.0338059959956883
560,0.032822563415455,0.0331139780544875,0.0199986953084005,0.0278977773563069,0.0244198253113072,0.0188614267854082,0.0257806834770615,0.0340310730125914
561,0.0329267457937809,0.0334564144128978,0.0201774750835208,0.0280913758254223,0.0244828137966894,0.0190152273058903,0.0259510745924456,0.034234929288964
562,0.0330591943025286,0.033827497645758,0.0203689312184753,0.0282917393833726,0.0246387779897676,0.0191775624056254,0.026149742477762,0.0344583643143
563,0.0332043477579217,0.0342180215653786,0.0205720669867606,0.0285095181106502,0.0248513182613288,0.0193381922290336,0.0263570530156016,0.0346826920081979
564,0.0333076380426969,0.0345924601452992,0.0207678297850269,0.0287362667558588,0.0249833472081103,0.0194781604516643,0.0265293418153527,0.0348670523616837
565,0.0334041473141595,0.0349647945417089,0.0209573926184862,0.0289337004749384,0.0251590009743212,0.0196131448488247,0.0267220678427207,0.0350685150583333
566,0.0334810888078056,0.0353051359321626,0.0211071411746831,0.02908868370853,0.0253066238726986,0.0197262649955775,0.0268864465368799,0.0352378422667062
567,0.0335365796712384,0.0356091876735184,0.0212091450065854,0.0292206390244586,0.0253719165648347,0.0198182844803333,0.026994570085041,0.0353471303227891
568,0.0336633740858438,0.0360285681338022,0.0214014291609573,0.0294755580974794,0.0255581340422061,0.0200050316621538,0.0272132300679104,0.0355711807998123
569,0.033783766029376,0.0364501497074722,0.0215998621416936,0.0297119969828319,0.0257461866283214,0.0201862430244725,0.027432960759672,0.0357754763283283
570,0.0338532221174822,0.0368082204352964,0.0217540848544047,0.0298577609970418,0.0258710386308175,0.0203038911273901,0.0275938778680827,0.0358968484718963
571,0.0339065548977377,0.0371585806729167,0.0219010389065874,0.0300035514636009,0.0260146371122249,0.0203974735053957,0.027763619316276,0.0360499920201423
572,0.0339861382593282,0.0375212094754695,0.0220906294365019,0.0302071179724038,0.0261615582918116,0.0205518997213767,0.027967739290609,0.0362346996953416
573,0.0340833152936279,0.0378932931953236,0.0223038064294514,0.0304399929208739,0.0263149059992593,0.0207360295783036,0.0281869987462057,0.0364237956248741
574,0.0341383943252186,0.0382479864217637,0.0224531010530274,0.0305843519253399,0.0264937513230565,0.0208004567000718,0.028354090946752,0.0365542382536668
575,0.0342009299728375,0.0386047875715777,0.0225767849784113,0.0307260770587227,0.0266430993598068,0.0209358801441472,0.0285203160686868,0.0367010944022573
576,0.0342852144256877,0.0389733154984341,0.0227145456758839,0.0308819161228974,0.0267778041384255,0.0211109235732814,0.0287014459280324,0.0368833803767174
577,0.0343897581239273,0.0393583178005713,0.0229034649081334,0.0310460394249194,0.0269374745216582,0.0212216009763713,0.0288992673190165,0.0370941872141541
578,0.034468080896201,0.0397398319924508,0.0230762558096766,0.0312122169038577,0.0271029279821529,0.0213493362885666,0.0290857552057204,0.0372675573470904
579,0.0345450049969818,0.0401208191292134,0.0232473234174317,0.0313928117667558,0.0272675558049091,0.0214943476513147,0.029263238968923,0.0374247571445192
580,0.0346468804018428,0.0405095710223351,0.0234408242420683,0.0316007676794136,0.0274333597573348,0.0216424643404686,0.0294452166437327,0.0375989049602706
581,0.0347591276195384,0.0409253087912247,0.0236712147166366,0.03185121394064,0.0276333273976964,0.0217753798630845,0.0296740972205633,0.0378029315009011
582,0.0348450352388645,0.0413129857805686,0.0238611835631906,0.032062494988928,0.0278301557424891,0.0219151872676654,0.0298773318635762,0.0380225059503163
583,0.0349074203195359,0.0416661396443743,0.0240077210002508,0.0322143604675961,0.0280115883029991,0.0220693012297223,0.0300356714797905,0.0382525833397253
584,0.0350230384427642,0.0420745204178762,0.0242579609863517,0.0323975016497071,0.0282142811044944,0.0222129441800764,0.0302308093003068,0.0385126036712931
585,0.0351631018743693,0.0424904598229317,0.0244937548558694,0.0326134850729106,0.028436536559152,0.0223900354228076,0.0304513741183193,0.0387626587267334
586,0.0352958971008908,0.0428863219423231,0.0246825750007182,0.0328291087021057,0.0286532646532059,0.0225783678050754,0.0306660562677704,0.038991140078275
587,0.035379520232712,0.0432417165852949,0.0248442917291155,0.0329759880240113,0.0288169428945314,0.0227043692461993,0.0308196661301706,0.0392055312712662
588,0.0354737126243675,0.0435998182488128,0.0250386040930109,0.0331437776086335,0.0289887341306302,0.0228526104065178,0.0310415262545407,0.0394237335271173
589,0.035567884559349,0.0439221520215913,0.0252153568414001,0.0333151687814758,0.0291355181320251,0.0230015703111318,0.0312707068424782,0.0396190706881773
590,0.0356324841985848,0.0441558783819897,0.0253032184597112,0.033446477928428,0.029208914930395,0.0231060063689332,0.031400755025176,0.03975655209067
591,0.035686724122952,0.0443980014858111,0.0254289253739164,0.033592991010442,0.0293244651388403,0.0232366752830194,0.0315412419906835,0.0398827111447725
592,0.035739262352552,0.0446408905194803,0.0255550131115526,0.0337423250849282,0.0294613457657931,0.0233877309039895,0.0317026888297958,0.040035104861145
593,0.0357967170766933,0.0448696212064106,0.0256485567399151,0.0338779403166568,0.0295876559841241,0.0235346778573065,0.0318732144866099,0.0402284837329192
594,0.0358671729822935,0.0451010292886968,0.0257881960073977,0.0340039870247567,0.0297092225004198,0.0236275780150905,0.0320152177371511,0.0404084609627177
595,0.0359209156964795,0.0453327976032576,0.0259010998136979,0.0341191279633983,0.0298250979966324,0.0236938214540485,0.0321351648711538,0.040568398230189
596,0.0359573721990155,0.0455710487089041,0.0259826322089239,0.0342337370446194,0.029943141333497,0.023764178805283,0.0322503033093829,0.0407170583724679
597,0.0360307641772732,0.0458372031736698,0.0261611214127988,0.0343826592305766,0.0300913583838233,0.0238835789842692,0.032399833707151,0.0408869544987461
598,0.0360995794948508,0.0461184972047561,0.0263353547972932,0.0345317983167984,0.0302236795320828,0.0239737258974322,0.0325390998286021,0.0410701385793863
599,0.0361801221198436,0.0464321602704329,0.026498671241689,0.0346902560869419,0.0303651734059052,0.0240634484625676,0.0326905863923621,0.0412765206318345
600,0.0363282266258299,0.0468175010233231,0.0267036630342897,0.0348969496093588,0.0305930821149735,0.0242587924295203,0.0329248024008055,0.0415275960853452
601,0.03643101706307,0.0471221126383233,0.0268494980795437,0.035065553028428,0.0307565942585643,0.0243925359393521,0.0331026065072075,0.0417489397833804
602,0.0364784770969819,0.0473275988601605,0.0269455771416264,0.0351721033007714,0.030842128824754,0.0244838702348389,0.0332163487416582,0.041909864655189
603,0.0364994008254026,0.0474689956910229,0.0270362597767087,0.0352283831721849,0.0308904549240731,0.0246005254465583,0.0333058776351236,0.0420127497288043
604,0.0365403484261974,0.0476058810806039,0.0271277092006244,0.0353523146984876,0.0309877131687392,0.0246840261649697,0.033419920699854,0.0421939723188439
605,0.0365965886520526,0.0477830040807582,0.0272363949372718,0.0354929555180894,0.0311067654767971,0.0247761981592933,0.0335505314311111,0.0423968660099162
606,0.0366539753281306,0.0480038758697103,0.0273637271662287,0.0356013033071412,0.0312192648315572,0.0249024319798492,0.0336835703220974,0.042564329090592
607,0.0366945564087687,0.0481569040738711,0.0274634851161287,0.0357165979634942,0.0313567080513982,0.0249979691394124,0.0338243246411847,0.0427273831834942
608,0.036730482219035,0.0482745870245467,0.0275452897499602,0.0357984543090785,0.0314528232556016,0.0250652570340672,0.0339038061111061,0.0428733305727228
609,0.0367773618512345,0.0483947546682028,0.0276413501633827,0.0358598862229788,0.0315164886127603,0.025129049343155,0.0339427124809917,0.0430153035924439
610,0.0368634323629886,0.0485728949759974,0.0278389058625585,0.0360080846007108,0.0316830766213989,0.0252577830663009,0.0341185418970091,0.0432127584302218
611,0.0369311967208057,0.048727899723495,0.0279573248221666,0.0361204764762795,0.0318257138627768,0.0253648800205591,0.0342312511722413,0.0434064278631992
612,0.0369780293604998,0.048871452598092,0.0280097388489551,0.0361957081727903,0.0319405050428094,0.0254509033114425,0.0342808444141668,0.0435786939864766
613,0.0370327794870252,0.0490668292627957,0.0281210823403025,0.0362987786516063,0.032087943649044,0.0255644621744795,0.0343769806875914,0.0437326950553202
614,0.0370851872592931,0.0492372284080182,0.028196615544912,0.0364055048520235,0.0322140423776684,0.0256862571921687,0.0344761857915772,0.0438578576457795
615,0.0371189959858548,0.0493800664873392,0.0282620080830254,0.0364890025423304,0.0323119800856584,0.0257692004806028,0.0345717189267329,0.0439705027789065
616,0.0371313170255959,0.0495219259377841,0.0283657705926815,0.0365374313132637,0.0323956363718338,0.0257864023920351,0.0346697352848222,0.0440951236103767
617,0.0372182256120107,0.0497331990757295,0.0285057097259296,0.0366472005591094,0.03251859126839,0.0258893006837429,0.0348102208005128,0.0442519252654153
618,0.0373086713658917,0.0499551811949106,0.0286107814714596,0.0367489158098399,0.0326663651191907,0.0259960133974707,0.034953054002485,0.0443954978699686
619,0.037346318502662,0.050143772779634,0.0286511656240119,0.0368012274949359,0.0328085138641507,0.026050786100266,0.0350681036772793,0.0444997877351073
620,0.0373554655375514,0.0503257130279672,0.0287236596790407,0.0368853841747675,0.0328865450152061,0.0261331672293657,0.0351720588509012,0.0446077082405866
621,0.0373480635552656,0.0505121403852592,0.028793082392725,0.0369556426415212,0.0329528923517637,0.0262111837486151,0.0352601529419898,0.0446998730552805
622,0.0373574883690473,0.0507168012354365,0.0288570519322221,0.0370104004994661,0.0330442153653571,0.02628211294036,0.0353551660252008,0.0447906651061287
623,0.0374521116916928,0.0509644720712531,0.0289506634918732,0.0371009105446898,0.033189747725133,0.0263790113541263,0.0355215918851908,0.0449411045964833
624,0.0375766800316082,0.0512545785409351,0.0291133140850934,0.0372437786249499,0.0333526335327369,0.0265080557484511,0.0357312561595846,0.0451270574889011
625,0.0376902172804075,0.0515370187403677,0.0292886817359953,0.0373909514859925,0.0334902754355738,0.0266341070122995,0.0359248014437524,0.0453247982031672
626,0.0377561481400004,0.0517364996511382,0.029371818284916,0.0374624120350589,0.0335633628688189,0.0267023545154027,0.0360275081032858,0.0455056175731342
627,0.0378307387143782,0.051935240733429,0.0294727631698207,0.0375822125893406,0.0337350990429922,0.0268047641909367,0.036168749469672,0.0456925183357641
628,0.0379261070278847,0.052164739281601,0.0296124580145073,0.0377395466256286,0.0339440235175056,0.0269308131127119,0.036340984499461,0.0459140901753708
629,0.0380348739996667,0.0524248812634162,0.0297805807928897,0.037890829626901,0.0341005550111574,0.0270491997201151,0.0365051550705575,0.046173073466472
630,0.038106814489944,0.0526204318623967,0.0299152292016338,0.0379786088932337,0.0342309985022968,0.0271400961863871,0.0366225909287613,0.0463426690985374
631,0.0381662075572073,0.0528017534652609,0.0300320162980173,0.038078160002974,0.0343591652295575,0.0272357885757881,0.0367247888725618,0.0464963202944232
632,0.0382206739701186,0.0529883186603843,0.0301384537648798,0.0382056476693565,0.0344867238388943,0.0273388576281301,0.0368273544584381,0.046672927942247
633,0.0382278764875441,0.0531100267184045,0.0302098479445418,0.0382237033619023,0.0345591952487666,0.0273718876807353,0.0368980908736049,0.0468090509424731
634,0.0382341911638927,0.0532188385886971,0.0302791443586824,0.0382668938907269,0.0346646255610627,0.0274322543863629,0.0369849857364546,0.0469570394930583
635,0.0382229508341955,0.0533092481381245,0.0303171274603713,0.0383220370606412,0.0347806096381095,0.0275184370251353,0.0370664534235343,0.0470857003020877
636,0.0381200441778913,0.0533249036653262,0.0302328104853311,0.0382455961076493,0.0347835426479618,0.0275430789833228,0.037055665786078,0.0470860957664905
637,0.0379668799073517,0.0533206957809965,0.0301520144982909,0.0381346514170109,0.0347505939488148,0.0275307058462921,0.0370176796248022,0.0470357316673437
638,0.0377661526422864,0.0532915623287267,0.0300674678519454,0.0379820577375152,0.0347018550166068,0.0274970102473562,0.0369637228064374,0.0469299627289778
639,0.0375141062124294,0.0532175120520697,0.0299268131140296,0.0377533140735941,0.0346384203993342,0.0274563795296913,0.0368866992167205,0.0467444197318158
640,0.0372634112895116,0.0531537731629794,0.0297343509327549,0.0374940310927661,0.034540233859649,0.0274013466002484,0.0367706506322977,0.0465384353027355
641,0.0369714498725463,0.0530634926139552,0.029498446184725,0.0372137027514791,0.0344005030900378,0.0273066854177725,0.0366201894802195,0.0462907169765641
642,0.0366101338840071,0.0529167048121451,0.0292297992837694,0.0369082416540196,0.0342232244660814,0.0271637909113891,0.0364471144689079,0.045983853108582
643,0.0362555468830241,0.0527563212098589,0.0289343502988123,0.0365378841529968,0.0340395030808187,0.0270288639128291,0.0362733398913934,0.045660530354095
644,0.0359269307860023,0.0526146170005689,0.0286511481449136,0.0361880410374579,0.0338472437354171,0.0269123637734546,0.0361014636264033,0.0453320677687002
645,0.0356226436748077,0.0525026786329476,0.0283966733372947,0.0358874500535809,0.0336540773818821,0.0268056407304068,0.0359353180538638,0.0450100922975141
646,0.0353069452199043,0.0524013860378325,0.0281507715965726,0.035561979896586,0.033491737772284,0.0266653959231621,0.0357822774340821,0.0447133206370632
647,0.0350096480179198,0.0522984243238482,0.0279182351567122,0.0352617115061072,0.0333161032056111,0.0265344061867747,0.0356463294615073,0.0444179496168903
648,0.0347605559961445,0.0522038010777073,0.0277153522846001,0.0350168370122482,0.0331528032326514,0.0264376578848005,0.0355394554578308,0.0441502603067391
649,0.0345944097851633,0.0521451687343205,0.0275691325755526,0.0348505799467106,0.0330758172484626,0.0263925898248048,0.0354797173612868,0.0439724824787056
650,0.0344314591019552,0.0521147157381954,0.0274534063008649,0.0346814167685978,0.0330167271861715,0.0263380557703715,0.0354298751032029,0.043825800424467
651,0.034296786560436,0.0521313898128407,0.0273734962228448,0.0345464691329334,0.0329876493808113,0.0263090663486203,0.0354084879301976,0.0437350753714372
652,0.0342330885282829,0.052207625213586,0.0273372561144097,0.0345019200306583,0.0330126590358881,0.0263503268274216,0.0354385587920379,0.0437298395513344
653,0.0341739084348597,0.0522650701016302,0.0273097279620877,0.0344691773264578,0.033038173543407,0.0263557935022507,0.0354521030408214,0.0437009391977007
654,0.0340945569692391,0.0522945826945746,0.0272758570880843,0.0344194088664885,0.0330453729832217,0.0263318309753467,0.0354455193739093,0.0436527939271547
655,0.0339947754519616,0.0523088350002487,0.0272334548256382,0.0343494287115183,0.0330308377593067,0.0263042272325388,0.0354310682112676,0.0436072702791329
656,0.0339266689766605,0.0523552726726684,0.0272071410428028,0.03431305140042,0.0330142596137317,0.0263142715284481,0.0354421883995302,0.0435995691827394
657,0.0338756701832227,0.0524157357565528,0.0271975302980171,0.0342651045501809,0.033030184434957,0.0263399304946835,0.0354631871418601,0.043571257258134
658,0.0338079344607595,0.0524547557903999,0.0271681908128006,0.0341789510775203,0.0330533852338296,0.0263423915765113,0.0354676948419336,0.0434847865332189
659,0.0336551853966606,0.0524049184320849,0.0270201503720792,0.0340500115292228,0.0329700073978001,0.026247526159367,0.0354091857708342,0.0433239930901922
660,0.0334785028590965,0.0523278428471695,0.0268719152291247,0.0338640545267094,0.0328749675914472,0.0261580896676552,0.0353256430378732,0.0431025282506311
661,0.0332922878765218,0.05223170804714,0.0267149978619547,0.0336351399051017,0.032772728807917,0.0260751475229595,0.0352201150612206,0.0428248803029089
662,0.0330916333117341,0.0521030335219737,0.0264851890181479,0.0333943567346331,0.0326291605651599,0.0259537057534161,0.0350819954694582,0.0424966165355594
663,0.0328788610864616,0.051971851989839,0.0262663361376194,0.0331651444829364,0.0324652609075122,0.0258338215578742,0.0349330808810631,0.0421971059716112
664,0.0326525155042148,0.0518123009979895,0.0260373019150376,0.0328976531811416,0.0322836826109598,0.0257119895826666,0.0347683180046453,0.0418719416411834
665,0.0324146846537667,0.0516042661312255,0.0257684164413514,0.0325577356835923,0.0320860588471985,0.0255771805952316,0.0345829854486083,0.0414665450876922
666,0.0321838787908577,0.0514165815319743,0.0255006290122735,0.0322753706371741,0.0318815971212882,0.0254240962741392,0.0344010420833233,0.041078966538502
667,0.0319825324445755,0.0512486192781393,0.0252706409536233,0.0320236226719289,0.0316995865169014,0.0252907310813108,0.0342401511906518,0.0407423629220584
668,0.0318164355039222,0.0510951611030995,0.0250852832774596,0.0317806744604162,0.0315485024766092,0.0251932555791582,0.0341018348925229,0.0404525559479704
669,0.0316568003481654,0.050950988373255,0.0248860890976807,0.0315593571832565,0.0313886892467189,0.0250987727265964,0.0339527408276312,0.0401282930189568
670,0.0315123212077344,0.0508318385734924,0.0247235644131113,0.0313585519803021,0.031250311797308,0.0250018081513815,0.0338175353668969,0.0398642563239104
671,0.0313969089972787,0.0507477775476781,0.024613278570574,0.0311955615487193,0.0311508734635487,0.0249183916720662,0.0337245611760052,0.0396781664550318
672,0.0313322449851101,0.0507052632988957,0.0245438552175882,0.0311065993897619,0.0311009463502528,0.024887715045193,0.033712022784634,0.0395235593087417
673,0.0313055840519199,0.0506953185331861,0.0245104954936934,0.0310491089094603,0.0310626876799036,0.0248746238795097,0.0336979543804834,0.0394407416047752
674,0.0312990995269677,0.0507107459146358,0.0244981708542794,0.0310138169891609,0.0310489960608663,0.0248737171448395,0.0336863253147611,0.0394017089887446
675,0.0312944679614042,0.0507460241625047,0.0244923188344929,0.0310019371486474,0.0310843030912751,0.0248884687788059,0.03370852247602,0.0393617164324943
676,0.0312986297561963,0.0508076033856135,0.0245150444223331,0.0310031328469036,0.0311139243015424,0.0249090003559091,0.0337424510882893,0.039359747796071
677,0.0313341725881361,0.0509009367497535,0.0245787783031943,0.0310375407989438,0.0311562879804667,0.0249652340685522,0.0337976434161223,0.0394054056696655
678,0.0314130058310026,0.0510328473322213,0.0246860577336006,0.03112283005707,0.0312370434469279,0.0250659312614133,0.0338842810740748,0.0395059157292099
679,0.0314935313421004,0.0512038386054607,0.0247981687055145,0.0312437779878101,0.0313578993838117,0.0251154648751889,0.0339849556808881,0.0396630548327593
680,0.0316555603731717,0.0514837586043199,0.0250219397881737,0.0314620644780206,0.031572455404385,0.0252504168460121,0.0342031165888369,0.0399471302120325
681,0.0319221627504037,0.0518920166900855,0.0253842994538622,0.0318008261736167,0.0318972033369507,0.0255014668223377,0.0345517671025834,0.0403901305706423
682,0.0322275500649203,0.0523676014726187,0.0257868994940699,0.0322231680052727,0.0322911533033754,0.025728443534592,0.0348980027713861,0.0409677114449872
683,0.0326126169608866,0.0529739119401717,0.0262928664906678,0.0327641629438556,0.0327854258709507,0.0260421225348538,0.0353463317513856,0.0416989563370604
684,0.033118347916606,0.0537442280791506,0.0269501275124738,0.0334561653974782,0.0334182708221423,0.0264732226883922,0.0359379692245022,0.0426248189179763
685,0.0337898646208088,0.0546973358797127,0.0278037220003006,0.0343334459094612,0.0342336138947772,0.027015724223191,0.036685639795706,0.0437997725525263
686,0.0345905494586237,0.0558007954448881,0.0288118387373808,0.0354077896912065,0.0351790956000198,0.027658659459065,0.0375414825116305,0.0452030996652325
687,0.035564107043382,0.0570724040657492,0.0300005364843438,0.0366964199116537,0.0362776965851698,0.0284084965454861,0.0385413204202099,0.0468433252055943
688,0.036760633704129,0.0585233304114773,0.0313991558426835,0.0382061270608367,0.0375558829723167,0.0292698433195035,0.0397173004099941,0.0487298555076617
689,0.0381662610468474,0.0600817417173752,0.0329780062108877,0.0399072570317028,0.0389729472089161,0.0302213642151756,0.0409845719724356,0.0508658010850009
690,0.0397972192796142,0.061745159316437,0.0347434647986364,0.041808355786616,0.0405429638725802,0.0312742641301127,0.0423507450095999,0.0532477673530327
691,0.0416798969594753,0.0635105885634534,0.0367064977930159,0.0439215301602697,0.0422688537456356,0.0324332851633081,0.0438298625421475,0.0558702177156647
692,0.0438645617502515,0.0653632943686421,0.0388911172203898,0.0462668229260979,0.0441230841790488,0.0336859979598782,0.0454355936713218,0.058726868816164
693,0.0463176387109023,0.0672629341150695,0.041223455970108,0.0487775421602695,0.04607666023089,0.0350121003055574,0.0471375245953775,0.061774546604359
694,0.0490243364332756,0.0691774177466687,0.0436573712273688,0.0514173694973362,0.0480996088988363,0.0363821045235714,0.0488850945624882,0.0649768631400761
695,0.0519838269744777,0.0710805983282904,0.0461680501093592,0.0541748447195168,0.050160330726188,0.0377552330914378,0.0506046427555448,0.0683034304293426
696,0.0551490850125397,0.0729677933673865,0.0487227036739764,0.0569700107610151,0.0522211346253922,0.0391576286419943,0.052301646348783,0.0716875694032071
697,0.0584924855569841,0.0748151458840567,0.0512917268707731,0.0597985965393548,0.05425940202936,0.0405710881808265,0.0539820954829115,0.0751018547067318
698,0.0619862429127261,0.0765923279486912,0.0538449578353958,0.062674038618538,0.0562587306873152,0.0419635489621133,0.0556504278625335,0.078527937540017
699,0.0655559528571847,0.0782752337600219,0.056342944173214,0.0655151778908794,0.0581968345639116,0.0433264976005394,0.057258667572942,0.0818797005571913
700,0.0691642077337321,0.0798824423613454,0.0587709717859305,0.0682737821089246,0.0600789647696563,0.0446579026111424,0.0588033546123785,0.0851624847062542
701,0.0727799888213306,0.0814309881643121,0.0611134752464944,0.0709321508648238,0.0618994384996976,0.045959136281321,0.0602907770784463,0.0883731801382856
702,0.0763701115548089,0.0829164318157303,0.0633349191762591,0.0735511593985337,0.063603201742673,0.047241635666671,0.0617403735647877,0.0914342039179455
703,0.0798853262095369,0.0843053385952235,0.0654480704163648,0.0760685124057689,0.0652210532181342,0.0484686768909271,0.0630877697331709,0.0943370141014835
704,0.0832885510383131,0.0855949886708531,0.0674529511957318,0.0784565658017809,0.0667521849498564,0.0496273068580552,0.0643254194120303,0.0970853271611184
705,0.086549883825637,0.0868206029275505,0.0693243226411383,0.0807334976946668,0.0681426114194743,0.0507334480073459,0.0655227933219791,0.0997001674541877
706,0.0896991449731804,0.0879951720116578,0.0711179825301765,0.0828854764252495,0.0695015151884659,0.0518110180104153,0.0666670953867163,0.102160549885055
707,0.0927126754500761,0.0891023819799061,0.0728183755098527,0.0849154066182609,0.0708094521700884,0.0528360871932855,0.0677326683959769,0.104453667503949
708,0.0955465510288701,0.0901130680230112,0.0743783992488342,0.0868366044450623,0.0719898873920495,0.0537649863798282,0.0686895576144541,0.10657462506486
709,0.0982781764480411,0.0911088739984829,0.0758694714247729,0.0887030973627872,0.0731393465781104,0.0546946185863885,0.0696484323191155,0.108610419484714
710,0.100885104215889,0.0920742399019036,0.0772886524021517,0.0904814402053117,0.0742402167669236,0.0556002009156582,0.0705813627801738,0.110554132716359
711,0.103341421667299,0.0929837388127679,0.0786265146380212,0.0921402763121895,0.0752698969887253,0.0564458857190374,0.0714486053818292,0.112383159482405
712,0.105699378094497,0.0938610567749365,0.0799122595240976,0.0937401074464902,0.0762886678402801,0.0572637097546031,0.0722964698418599,0.114099273528291
713,0.10794390201572,0.0947088885948366,0.0811345573545772,0.0952787528728422,0.0772706656413776,0.0580488703813941,0.0731045843186949,0.115726757549964
714,0.110075479909664,0.0955333633405583,0.082299779311735,0.0967531832360256,0.0782063472027934,0.0588038304140581,0.0738725641036404,0.117286940130794
715,0.112121909666544,0.0963505364239721,0.0834524515719018,0.0981567140493967,0.0791214032394556,0.0595463542038672,0.0746437509037288,0.118793298945841
716,0.11406938465677,0.0971259668266877,0.084537182979873,0.0995131504760939,0.0799982017631989,0.0602642806964528,0.075379913741896,0.12022280745059
717,0.115929459993973,0.0978646064014163,0.0855669904090382,0.10082552595823,0.0808381108406435,0.0609533656774665,0.0760783975192734,0.121582863465942
718,0.117727484512841,0.0985969230387746,0.0865981924088287,0.102080841215988,0.0816530889993373,0.0616124835468819,0.0767579364285961,0.122899722192411
719,0.119449576417777,0.0993076252816264,0.0875711406780475,0.10329672410764,0.082460666279718,0.0622551175198566,0.077435318449951,0.124177805867072
720,0.121107037854443,0.100004652854457,0.0885067889611238,0.104475158013947,0.0832568879984403,0.0628902348695052,0.0781057982958325,0.125420037165994
721,0.122715562471494,0.10070242521055,0.0894433149020716,0.105616181410998,0.0840368974166974,0.063522529420853,0.0787612581686339,0.126627293518406
722,0.124287737847528,0.101427708695952,0.090395809758606,0.10674224936106,0.0848452514090822,0.0641492094208516,0.0794259241828444,0.127805444457301
723,0.125785618283655,0.102124228361658,0.0913057421242346,0.107836451952648,0.0856146787955809,0.064740391286269,0.0800566041939787,0.128936217880332
724,0.127204534254565,0.102769750122706,0.0921541335860283,0.108893861870851,0.0863226635880772,0.0652957483592829,0.080643693641671,0.130023410283831
725,0.128627237242345,0.103435790912533,0.0930301797908287,0.109948099245835,0.0870735655818811,0.0658922780120797,0.0812715188672546,0.13112849696278
726,0.130005531236865,0.104092430493224,0.0938703816497559,0.110957157079606,0.0878046810311743,0.0664653757240574,0.0818748701112199,0.132203331540938
727,0.131333815589585,0.104731356190603,0.0946749826407102,0.111927800887483,0.0885114240147563,0.0670035943769465,0.0824460294503247,0.133242249009703
728,0.132640728321696,0.10536006458976,0.0954991753986096,0.112909821402601,0.0892377161985332,0.0675389489381403,0.0830250895603095,0.134274672610924
729,0.133934177580397,0.106000886449197,0.0963146454585706,0.113883340616087,0.0899466690325948,0.0680919358004789,0.0836187380199941,0.135287375317614
730,0.135206375408577,0.106640753157302,0.097116652238907,0.114840077442382,0.0906465505603079,0.0686414821318379,0.0842100368214992,0.136285212160076
731,0.136441339055764,0.107255702049884,0.0979055857208955,0.11577163189657,0.0913548750983833,0.0691574117374957,0.0847767223748046,0.137275462993763
732,0.137629535438644,0.10784756307224,0.0986758097458688,0.11665449516265,0.0920446711292896,0.069677814174571,0.0853460728323103,0.138245889460393
733,0.138806718132499,0.108452636897743,0.0994459821657709,0.117542310698805,0.0927292977236969,0.0702070565067085,0.0859119516283106,0.139208454204442
734,0.139994039241065,0.109086823362241,0.100225022390002,0.118467519794092,0.0934228254338926,0.0707402272134149,0.0864689904622272,0.14017238746048
735,0.141155760543319,0.109700370894911,0.100988876836359,0.119384162127216,0.0941290686007087,0.0712602068292103,0.087025825742365,0.141136850428125
736,0.142314031243831,0.110304837552328,0.101739968286732,0.120278873587799,0.094844732021309,0.0717697353376972,0.0875874917640556,0.142078843217065
737,0.143466104523618,0.110903705481252,0.102486082267898,0.121146227230045,0.0955520093416627,0.0722751278990738,0.0881490530318173,0.143002711050506
738,0.144582756360943,0.111492476053795,0.103244358231979,0.121991225115703,0.0962151927841636,0.07278953918675,0.0886950541383451,0.14394794813647
739,0.145692548806044,0.112106017354822,0.104007343534035,0.122842703370834,0.0968903431861826,0.0733063398855033,0.0892470216420699,0.144893444832664
740,0.146808033178944,0.112733135977226,0.104771018423653,0.123713180012233,0.0975884102350037,0.0738230117442445,0.0898101490232269,0.145835899282037
741,0.147932712154504,0.113345152701409,0.105530652159627,0.124602111927404,0.0982995732316839,0.0743382081421432,0.0903802239482102,0.146775249017481
742,0.149026415670757,0.113945424456163,0.106271716629576,0.125451100443086,0.098984582352743,0.0748484251368577,0.0909241839406706,0.147691601252099
743,0.15010944631369,0.114545494376617,0.106999854959706,0.126295414890279,0.0996658963919332,0.0753683538253181,0.0914723405831126,0.148593787637449
744,0.151200555390158,0.11515096566206,0.107720540243965,0.127163767788871,0.100361637082418,0.0758999078132995,0.0920409941735927,0.149495858704164
745,0.152282349781499,0.115742724468346,0.108425828424868,0.128015941015565,0.101040399953361,0.0763900514741325,0.0925651709019021,0.150416629954954
746,0.153360717692072,0.116334522332503,0.109132640273353,0.128855381219111,0.101728041417536,0.0768966208377875,0.0931103688648314,0.151328827732217
747,0.154438617690994,0.116934815196225,0.109851798080104,0.12968997092493,0.102428412460171,0.0774338689089432,0.0936875350111981,0.152231204598736
748,0.155516028527495,0.117546985945825,0.110587899256397,0.130534051052119,0.103116707850739,0.0779622640502004,0.0942374481823365,0.153159093482862
749,0.156591706571472,0.118153408322744,0.111333295774369,0.131378333396113,0.103808519241517,0.0784740009589904,0.0947954382968565,0.154070569627847
750,0.157658507778396,0.11876284496819,0.112082330159452,0.132221498681115,0.104505550253167,0.0789750061867519,0.095363338426965,0.154970082901415
751,0.158711430922032,0.119391824069813,0.112829253811969,0.133066693377286,0.105206444812324,0.0794819944159794,0.0959321769015455,0.155882257676186
752,0.159780006894751,0.119993574769567,0.113554656542455,0.133916194988859,0.105921263626201,0.0800171060348374,0.0965039113634194,0.156800644442418
753,0.160850437448543,0.120589412756174,0.114271916033703,0.134764202286304,0.106628594494582,0.0805581600246364,0.0970619760796072,0.157716213202282
754,0.161910052197253,0.121201589723243,0.114997698043064,0.135610884974145,0.10732196490192,0.0810898042815585,0.0976038951971605,0.15862303546249
755,0.162974083430007,0.121816161095387,0.115739918483802,0.136482775123369,0.108067545261347,0.0816476283964243,0.0981853504931006,0.159525068341216
756,0.164026989851976,0.122418051486542,0.11647356587826,0.137341774801311,0.108789439061264,0.0822079122626253,0.0987601648289047,0.160427311764168
757,0.16507189253984,0.123007954412119,0.11719403519546,0.138178616468345,0.109469723123665,0.0827577049619784,0.0993131967615715,0.161337823118891
758,0.166137295294381,0.123607644905702,0.117923108976382,0.139021199975699,0.110165868730113,0.0832965868092689,0.0998689567954941,0.162268812011682
759,0.167204597458863,0.124194749313096,0.118653090721895,0.139855840379863,0.110877610474165,0.0838290242904454,0.100433558315964,0.163206097709837
760,0.168265390894637,0.124783175841299,0.119379861150381,0.140693095575141,0.111600228761121,0.084368553759585,0.101002285690736,0.164130686140621
761,0.169316778661077,0.125400465492855,0.12010259707385,0.141550655539917,0.112322492883987,0.0849312371251339,0.101566419485449,0.165026085058047
762,0.170383608547118,0.126039885730604,0.120857287257617,0.142412062282317,0.113029400401693,0.0855098573883596,0.102152835116872,0.165947143668439
763,0.171445386429237,0.126669451475196,0.121613130422346,0.143256890056236,0.113732565748703,0.0860757589244425,0.102730155491053,0.166864140562045
764,0.172487293178362,0.127272796083026,0.122346169739921,0.144081235377024,0.114445780848136,0.0866186645204212,0.103281948097858,0.167756532264312
765,0.173536467808961,0.127900354015624,0.123095112460453,0.144935934238121,0.115174497878735,0.087201233566043,0.103876972344177,0.16868486654234
766,0.174594967594338,0.128518030966968,0.123825405681324,0.145797239192126,0.115896359960926,0.0877859363818335,0.104455366396281,0.169599558126957
767,0.175659214185236,0.129115788464052,0.124539118789357,0.146653556601954,0.116609243697248,0.0883578379384282,0.105012743466534,0.170503051412884
768,0.176716136033883,0.129712659200996,0.125286672014342,0.147507247518826,0.117336075961804,0.088927763334268,0.105619528521709,0.17147141409367
769,0.177785968144697,0.130328901480253,0.126041671606572,0.148369161534504,0.118074830365532,0.0895408212741012,0.1062184741778,0.172391319222843
770,0.178865135153253,0.130955964480775,0.126793238686906,0.149241144860679,0.118823724951848,0.0901694859670707,0.106798822756214,0.17328377421505
771,0.179940803407284,0.131572627562314,0.127537211535531,0.150121297237126,0.119579194822899,0.0907624805679703,0.107370793713119,0.174219355630091
772,0.181026238516762,0.132180373186437,0.128294597192061,0.151016692977334,0.120336567036514,0.0913918197516932,0.107968060828564,0.175154535700712
773,0.182107011538279,0.132794390154845,0.129050760782598,0.151895018115611,0.121075056080045,0.09202000127619,0.108574721904848,0.176079898441264
774,0.183177560784081,0.133423822576753,0.129798532476806,0.152743552145306,0.121793464762724,0.0926174818986225,0.109176039915129,0.17699964894131
775,0.184275059717616,0.134055587990699,0.130575484697798,0.15363190851155,0.122560899891694,0.0932299518633944,0.109788564678377,0.177949005941125
776,0.185361956921845,0.134677086704824,0.131337925532071,0.15450222746479,0.123323493670001,0.0938458766910203,0.110393267602081,0.178883013611695
777,0.18643906686325,0.135293962216936,0.132091116830022,0.155353730749715,0.124067444806005,0.0944696079522714,0.110987183451417,0.179800436671206
778,0.187551676029632,0.135933507753767,0.132898964833367,0.156252663830086,0.124824134240928,0.0951258433352111,0.11158450493523,0.180750472825159
779,0.188662277046278,0.136573137419269,0.133668694133388,0.157141283005482,0.125583282978381,0.0957642827171187,0.112204306370515,0.18169466204382
780,0.189766120610619,0.13721364972289,0.134420527791415,0.158027398229805,0.126351929008372,0.0964045482747165,0.112839527617097,0.18264276943607
781,0.190869826368411,0.137861201040284,0.135207545770811,0.158934699369024,0.12713706027507,0.0970850235129039,0.113469684390937,0.183613226721367
782,0.19196183430926,0.138493744100804,0.1359792945703,0.159808491051308,0.127890494601197,0.0977603264782228,0.114060654754846,0.184546772161782
783,0.193054826610754,0.139113236730427,0.136738620459205,0.160677439587841,0.128644553867995,0.0984306056024074,0.114658348393421,0.185482032465776
784,0.194158705726725,0.139727352196698,0.137497592723037,0.161569743208446,0.129423070674768,0.0991006868350654,0.115292534974091,0.186446979481356
785,0.195269419110343,0.140349845113907,0.138278408700348,0.162490144827801,0.130201288747209,0.0997712711491315,0.115927651245144,0.187412592596648
786,0.196364653156851,0.140964689675288,0.139035500676475,0.16338960142565,0.130978573836521,0.100437851625215,0.116543319087941,0.188354546938518
787,0.197459284887445,0.141586442227718,0.139784404849722,0.164271674449547,0.131759304727541,0.101118251662074,0.117154609004455,0.189290425412783
788,0.198602227723649,0.142256895194844,0.140595417745162,0.165185502185069,0.132551091607732,0.101849725623362,0.117809421643658,0.190275745521407
789,0.199714902123247,0.142887176497541,0.141383300587199,0.166087987516041,0.133308975705498,0.102537163572162,0.118435556571601,0.19122078872399
790,0.200817785152104,0.143508721829556,0.142164725988214,0.166989112277424,0.134069878216692,0.103210515734522,0.119056383243898,0.192174896049676
791,0.20195210011418,0.144173530007557,0.14297311276998,0.167905543263801,0.134876368123139,0.103924614744543,0.11971079024205,0.193198135218802
792,0.203084302933821,0.144819771535448,0.143746692979835,0.168795043469476,0.135633532687533,0.104631914383787,0.120345838109254,0.194148487306692
793,0.204210587489098,0.145453708046008,0.144528472746414,0.169688549037285,0.136414072235284,0.105339842025097,0.120984988671592,0.195079197929731
794,0.20532852265697,0.146084804320082,0.145336530895093,0.17060000518109,0.137248133395555,0.106055030645467,0.121637200794804,0.196032689517274
795,0.206426317550101,0.146713303292955,0.146118237004999,0.17149192469006,0.138050086163285,0.106771464585028,0.122265948819566,0.196998777145806
796,0.207555735959763,0.147370456680052,0.146899647451459,0.172395961743866,0.138836323009688,0.107495255660642,0.122896586508834,0.197945707004173
797,0.20870597043812,0.148038504359976,0.147686631692061,0.17331151965935,0.139619452677925,0.108229246044398,0.123537497106139,0.198885522161447
798,0.209825088096056,0.148667175995967,0.14847280221337,0.174218937355755,0.140414173965012,0.108973719965872,0.124187729544939,0.199859589516054
799,0.210952232365546,0.149302560619769,0.149248815442777,0.175136960144086,0.141218645517386,0.109715684561475,0.124842058650984,0.200846560145569
800,0.21207447534798,0.149945170696493,0.150031766738494,0.176059065471416,0.142020521903016,0.11044995587347,0.12549251455668,0.201824714072769
801,0.213181199690454,0.150586329991382,0.150837414114744,0.176973111618047,0.142808088712909,0.111178755765438,0.126136005537586,0.202781105298214
802,0.21432175128507,0.151218754151491,0.151651973858843,0.177867614627865,0.143583047798277,0.111928896557186,0.126792081134976,0.203739575977786
803,0.215452068061178,0.151864136793399,0.152444493849774,0.178776860745542,0.144380398176135,0.112677605673595,0.127439009105679,0.204698924520458
804,0.216563674010323,0.152525406816386,0.153218430693887,0.179708010457539,0.145201865248605,0.113421021782008,0.128072547222879,0.205664156905631
805,0.217708834930544,0.153177036553859,0.154031364633594,0.180625473349299,0.145996282311939,0.114186544079108,0.128715936979331,0.206656608260894
806,0.218851911655356,0.153819096044148,0.154846148840446,0.181556270827701,0.146812894762699,0.114965197050317,0.12938823567428,0.207630928146475
807,0.219978338636002,0.154457874594739,0.155639045773228,0.182480922972161,0.147634828450276,0.115740543106254,0.130059091210249,0.208562369545365
808,0.22108496111816,0.155101846766201,0.156397783806633,0.183365984389908,0.148421939581404,0.116494567497724,0.130682688422479,0.209446895962753
809,0.222187950286384,0.15572471612858,0.157185059392915,0.184236948463909,0.1491932827391,0.117237127285718,0.131317916866555,0.210381418605191
810,0.223304305077566,0.156360502060375,0.157984656272249,0.185142016715714,0.149985913945881,0.118003153399023,0.13197932427158,0.211352957762274
811,0.224443059622808,0.157028319136316,0.158779511595364,0.186097612509284,0.150820145729845,0.118803153676945,0.132659419999576,0.212333213425692
812,0.225593729467236,0.157680606886716,0.159585328584291,0.187018502434337,0.151664458105439,0.119563322244182,0.133303505623679,0.213300567084773
813,0.226726577430526,0.158331675396118,0.160387655398023,0.18795357266666,0.152492241196794,0.120338319520658,0.133970247892439,0.214272662542994
814,0.227836897352048,0.158976802933378,0.16117959127034,0.188889356667907,0.153293614466881,0.121130309338836,0.134656183173249,0.215244044378985
815,0.228944465591952,0.159594704506863,0.161960825251929,0.189756802798353,0.154075175336713,0.121894898747668,0.135301407077243,0.216188131610361
816,0.230058806160428,0.160240912479216,0.16275399808295,0.190663108660245,0.154881838643201,0.122692272158538,0.13597089663373,0.217122718572223
817,0.231179799896782,0.160890170489561,0.16356498926656,0.19159776523353,0.155697356325262,0.123497608622645,0.136650420722298,0.218061390810465
818,0.232301945874306,0.161506322496045,0.164382088099468,0.192516539945154,0.156491586079677,0.124269538506643,0.137307597971729,0.219008593943993
819,0.233407157558259,0.162127011899952,0.165126597696776,0.193380637141233,0.157260337917349,0.125005936310317,0.137933050131873,0.219914790230427
820,0.234508049348553,0.162754542821869,0.165872208167144,0.194272156619751,0.158056555440451,0.125784591330475,0.138564247532162,0.220827594987484
821,0.235612392289575,0.163392330396781,0.166657039759113,0.195219266984415,0.158891895040344,0.126615692446068,0.139223146968296,0.221771333683564
822,0.236718847352215,0.164055252327133,0.1674414349105,0.19614738332939,0.159700400906438,0.127376500082587,0.139905925022206,0.222726176517445
823,0.237809428860659,0.164702683332692,0.168242183743189,0.197015146830941,0.160480057939418,0.128141228455401,0.140563738407009,0.223635769087962
824,0.238890313712627,0.165330630833273,0.169041442370828,0.197868672306301,0.161257003061575,0.128933509494173,0.141210667396627,0.224532583309945
825,0.239977844944035,0.165952870985938,0.169809335652966,0.19879324511217,0.162069404042289,0.129752268496893,0.141887448802488,0.22548505521574
826,0.241061383843753,0.166572389099013,0.170600194573372,0.199702924387061,0.162865084242373,0.130557448453791,0.142534249527183,0.22637979682828
827,0.242130585714274,0.167191566113431,0.171380154695199,0.200599262403485,0.163657726896065,0.131340150920548,0.143164598004474,0.227275236190464
828,0.243181959487255,0.167810298837727,0.172127069129672,0.201492455837008,0.16445950187265,0.132107890624001,0.143805226535759,0.228212263115109
829,0.244239125756192,0.16842862513719,0.172901743182258,0.202377641279131,0.165251490091149,0.132903606156695,0.144494389419987,0.229098040803038
830,0.24526781115359,0.169021949112288,0.173662166692656,0.203267590543669,0.166017348642248,0.133678825921583,0.145152424289176,0.229971527057685
831,0.246282836560961,0.169610104940668,0.174405045584492,0.204154895269192,0.166768981988001,0.134436074204328,0.145775839603523,0.230856800806743
832,0.247345445500731,0.170254503671433,0.175162800000367,0.20501290088267,0.1675444701741,0.135223694815132,0.146430547476187,0.231764908167715
833,0.248430292715173,0.170906530079572,0.175966703125987,0.205903993246173,0.168365963288648,0.136030832871899,0.147087795144131,0.232663788568305
834,0.249513605545686,0.171536181210719,0.176768998004855,0.206811231551263,0.169182918442406,0.136841227037916,0.147743355899514,0.233566008704138
835,0.250575384159687,0.172132513257268,0.17751710976306,0.207702467936389,0.16994442233487,0.137639902652976,0.148393942623627,0.234478154170175
836,0.251618308780142,0.172753902562,0.178255086129202,0.208598667100509,0.170713995815228,0.138440890186229,0.149009980732823,0.235307842407025
837,0.252657486558425,0.173372536661234,0.178993287088459,0.20947054328269,0.171502741369291,0.139229163295985,0.149647212682479,0.236148642829721
838,0.253707228818899,0.173974282339046,0.179745775570664,0.210317091761254,0.172298523251068,0.14000835259991,0.150316651294073,0.237037041778455
839,0.25478284253261,0.174571990782427,0.180541231312472,0.211185787579514,0.173056227284623,0.140816044685582,0.150953351823776,0.237908073738213
840,0.255834955822114,0.175165973985981,0.181294251444342,0.212052287769156,0.173813217903397,0.1416084251487,0.151575536884176,0.238771449853177
841,0.256874734271199,0.175772700497514,0.182027848367701,0.212923043981647,0.174590118198,0.142408737764536,0.152209891902057,0.239624503356995
842,0.257935545863993,0.176408707434795,0.182802744078983,0.213811911849613,0.175396309297808,0.143255276975921,0.152881137714122,0.240472029372702
843,0.258979227039389,0.177023786991946,0.183556705912273,0.214676632862877,0.17618319573542,0.144048056823579,0.153527698762999,0.24139882425842
844,0.260014469859979,0.177625078496327,0.184290539845382,0.215555204219984,0.176954663603641,0.144825063314107,0.154168247820073,0.242302719946874
845,0.261045346204713,0.178223216642121,0.185017477091141,0.216454401876023,0.177718500200895,0.145613832841053,0.154820051877279,0.243128616351581
846,0.262041069365724,0.178816667837727,0.185757705123714,0.217275548867234,0.178470338848567,0.146369247148492,0.155476984750251,0.243982390421997
847,0.263084828064553,0.179420083344946,0.186535376138636,0.218128576982791,0.179240652564316,0.147157980806793,0.156114265145202,0.244839450301254
848,0.26415296476126,0.180022958267561,0.187298832941142,0.219004072875897,0.180019321253049,0.147986141999745,0.156740741673088,0.245696465652739
849,0.265155382179236,0.18060108878501,0.18795631194664,0.219822807410274,0.180771333636508,0.148817339748285,0.157386095706003,0.246558728518889
850,0.266176395239964,0.181216059286591,0.188696474940539,0.220676453269092,0.181529537865797,0.149589922133294,0.158013839590139,0.247400739286575
851,0.267201959165983,0.181829727803098,0.189459184706702,0.22152880385765,0.182298118219071,0.15036151568994,0.158642632871304,0.248221838752004
852,0.268211469720574,0.182410023556213,0.190173919292185,0.222351794266474,0.183073269670505,0.151185735177866,0.15929182528242,0.249036134133375
853,0.269232291736108,0.183018623315878,0.190908891868866,0.223236869270727,0.183851566040072,0.152028259827208,0.159953906604707,0.249893877638513
854,0.270218809098362,0.18359749134431,0.191644957868567,0.224069305766812,0.18457474603175,0.152813488010271,0.160579455726421,0.250717936284455
855,0.271182032637075,0.184154276855955,0.192371596470163,0.22485266549094,0.185268176068576,0.153562631676837,0.161186318703679,0.251511288003472
856,0.272186455753659,0.184760023386378,0.193086419644033,0.225705238308739,0.186038282517272,0.154390419746865,0.161856550644494,0.252353604541561
857,0.273207442315556,0.185422429777509,0.19384597380501,0.226615984798147,0.186867412491803,0.155216922977151,0.162526096358636,0.253212852804106
858,0.274208856938528,0.18605946661327,0.19460182883978,0.227506645515673,0.187683034288501,0.156034856148757,0.16316434078926,0.254043640486579
859,0.275171329051446,0.186604768354354,0.195305351458822,0.228315794214223,0.188425850092798,0.15685219719096,0.16376822282478,0.25482087104011
860,0.276173894179264,0.187183328769178,0.196049369891813,0.22916120155788,0.189179545921169,0.15766152731041,0.164419478398146,0.255630641497936
861,0.277160186515351,0.187785996442215,0.196786908303729,0.229985025614358,0.189927988856195,0.158468313478832,0.165056663535487,0.256448548083631
862,0.278115131685796,0.188396655474025,0.197495965741297,0.230784995664091,0.190674494803107,0.159276136997645,0.16566674341211,0.257250356021785
863,0.279087714368367,0.18899853815948,0.198194418635322,0.231644535615937,0.191456054624138,0.160086775908615,0.166309042348459,0.25801677781837
864,0.280048082036089,0.189579376110003,0.198887634952977,0.232470493750975,0.192214197493452,0.160896298557311,0.166948063590259,0.258808276305955
865,0.281018188737691,0.190159122217019,0.199612549038896,0.233269105966087,0.192953751779811,0.161709778689922,0.167588612851954,0.259615352805641
866,0.28201828382304,0.190759623496341,0.200390834218837,0.23407501369303,0.193700471099157,0.162529584712202,0.168241233368933,0.260409977014875
867,0.28294526106128,0.19132490612756,0.201088507240567,0.234864746089571,0.194454706130891,0.163312078497543,0.168868169357085,0.261213971911828
868,0.283878480217224,0.191936513820519,0.201787568270661,0.235706303780636,0.195242529750979,0.164136746437833,0.169514216845141,0.262019376941807
869,0.284854885125761,0.192602314679435,0.202528343692431,0.23659950041799,0.196054520941594,0.165013459090853,0.170188212452878,0.262813386958145
870,0.285818846336101,0.193185779877939,0.203253231862998,0.237415387178347,0.196815321429079,0.165815601382728,0.170828657231062,0.263573502384033
871,0.286757769172608,0.193775913928614,0.203969472494478,0.238238640700928,0.19758194889232,0.166635665939621,0.171472481739905,0.264380567499888
872,0.287672348354027,0.194388754816699,0.20469033828372,0.239067626998749,0.198349793625142,0.167470373937379,0.172116700539319,0.265213061806664
873,0.288576930205889,0.195011025511938,0.20542803073993,0.239874118730613,0.199099036842048,0.168287512783355,0.17275031667542,0.266006676851765
874,0.289514071333031,0.195620750901723,0.206149234861701,0.240688622743062,0.199887998245643,0.169135822999199,0.173422208528987,0.266738254801967
875,0.290470416287096,0.196229884517539,0.20686211521134,0.241535875772123,0.200701083651882,0.170006354527503,0.174102836830109,0.267486200415052
876,0.29141786100229,0.196843226269906,0.207578280470883,0.242405654248197,0.201507643678892,0.170869596577056,0.174771465703489,0.268290255565694
877,0.292311284225351,0.1974441237432,0.20831236966319,0.243221909172858,0.2022620566434,0.171660728080456,0.175443646983214,0.269101042714058
878,0.293203268292064,0.198061674872488,0.209050827575639,0.244018579568081,0.20300622165748,0.17248069127656,0.176111860885963,0.269887654440127
879,0.294098465023081,0.198677217800279,0.209759295982873,0.244813137618703,0.203750269816159,0.173322088465717,0.176751715832668,0.270638908654959
880,0.294983933842912,0.19926007403973,0.210412287120856,0.245617501671891,0.204492543588481,0.174132216861766,0.17734582008843,0.271364337291039
881,0.295885484369528,0.199886365037168,0.211160125488906,0.24642081198691,0.20524500557122,0.174933834455606,0.178016557159865,0.272122204648229
882,0.29681252376531,0.200528692311294,0.211926546651337,0.247232953502256,0.205998205548219,0.175767237075522,0.178695273632464,0.272905659916636
883,0.297750517132225,0.201161164466653,0.212652226489633,0.248057274799048,0.206744636996882,0.17663781489034,0.179339304445962,0.273688273022915
884,0.298634492018516,0.201789092003488,0.213376934760796,0.248875686110567,0.20748058295859,0.177466253552335,0.180017551567925,0.274409772794164
885,0.299515730907918,0.202422771144541,0.214108803563283,0.249703337996691,0.208255284261166,0.178307459877563,0.180705331423469,0.275194928717264
886,0.300401163591333,0.20305081174147,0.214829717419768,0.250530962313529,0.209049114451797,0.17915646992735,0.181386688786208,0.276014155149262
887,0.301274916614306,0.203650620150353,0.215510538328784,0.251339673586788,0.209810232823198,0.179982977832825,0.182048424187586,0.276765078603202
888,0.302115149604316,0.204208978633828,0.216176246452479,0.252143305723292,0.210565463658657,0.180806870673394,0.182679451454943,0.277493289736964
889,0.302972016381497,0.204806552767397,0.216878433731633,0.252963833779807,0.211348996973247,0.181649778833939,0.183348786372044,0.278233211131482
890,0.303869577602604,0.205472522671755,0.217624471090148,0.253797197039782,0.212155080654946,0.182505408760936,0.184067848954639,0.278993693968195
891,0.304753094251602,0.206092852590164,0.218308017544446,0.254574297067416,0.212878082577026,0.183294096741471,0.184681886327485,0.279723952920461
892,0.305614214130761,0.206698344161038,0.21903243271126,0.255351149257473,0.213616158943796,0.184133820327178,0.185347481798603,0.280467118902058
893,0.306450990965507,0.207306870554784,0.219774510310416,0.256158508963729,0.214387694818291,0.185009743175381,0.18604941707107,0.281216122646353
894,0.307271384095117,0.20793288797949,0.220456887640857,0.257006423535292,0.215166974955752,0.185843252852146,0.186694327667532,0.281940040883897
895,0.308112181163154,0.208574860949045,0.221163825732775,0.257826450523979,0.215921886528431,0.186690627767056,0.187362380115045,0.282639320827889
896,0.308965778449472,0.20922001252651,0.221904871528587,0.258636496113701,0.216681309453431,0.18752939448146,0.188035366246865,0.283370764245313
897,0.309817568129408,0.209853286182056,0.222653843510221,0.259449209500921,0.217451940699391,0.188343390525251,0.188700149803537,0.284150506049976
898,0.310652117014011,0.210455615019227,0.223322300843829,0.260232589431157,0.218163169649146,0.189147161416818,0.189389079833582,0.284890513558898
899,0.311489973513228,0.211066486611264,0.224008784766777,0.261047566308498,0.218913487637002,0.189986011820735,0.190048536580751,0.285610160470008
900,0.312322448549705,0.211675488473393,0.224715541735186,0.261862425987207,0.219698430493863,0.190848840961897,0.190683472621388,0.286317128288387
901,0.313130172369458,0.212257435276246,0.225404101956402,0.262614118873248,0.220466061889044,0.191695586850402,0.191329103585476,0.28702037936083
902,0.313928571093978,0.212894427535236,0.226119277856922,0.263417029497937,0.221240145854043,0.19252347452642,0.191991307622291,0.287753470475177
903,0.314731456347162,0.213533555855018,0.226824645378602,0.264217223364395,0.221989340013712,0.193337862824296,0.192661065964257,0.288449444030484
904,0.315539862099508,0.21413436782202,0.227502042246686,0.264974230866841,0.222700709146658,0.194142062794529,0.19332464560464,0.289095982128303
905,0.316328641072969,0.214709839215333,0.228186239049957,0.265709287225261,0.223402608938168,0.194927097548759,0.193958734541259,0.289822015526258
906,0.317102393786214,0.215312799729744,0.228902659780393,0.266485321074399,0.224151755248278,0.195725231543805,0.194611774402147,0.290532532893288
907,0.31787887037771,0.215945068374716,0.229634806456147,0.267304400426694,0.224934032167375,0.196548233639877,0.195284356509574,0.291234581972968
908,0.318677735811752,0.2165814118902,0.230345780999591,0.268134085183031,0.225700549503492,0.197391218865655,0.195956960660723,0.291964496175556
909,0.31946793344904,0.217198744435963,0.231019176959327,0.268932021840739,0.22643011884601,0.198198955177091,0.196632982854866,0.292628945343615
910,0.320238595426719,0.217799846722174,0.231701809896,0.26970769383638,0.227149385840973,0.199009245234294,0.197286429582273,0.29328967279579
911,0.32098722787019,0.21839510423119,0.232415854312613,0.270467194888167,0.227880900532313,0.19983913721376,0.19792045554224,0.293975876484897
912,0.321721920680343,0.219002452702444,0.233133150786615,0.27119525715634,0.228632848155196,0.20065575946228,0.198595659617694,0.294634964089999
913,0.322447597184468,0.219615361880398,0.233811550381488,0.271961143622651,0.22937168803173,0.201425848857715,0.19926992602979,0.295287408731317
914,0.323172710031119,0.220203266485776,0.234472306854958,0.272754214289075,0.230086371895827,0.20218591483927,0.19992712109398,0.295927184287375
915,0.32390193814775,0.220743843359585,0.235157287464814,0.273536535572151,0.23077940894256,0.2029870656742,0.200562704630873,0.296550027518214
916,0.324619518432238,0.22132631787676,0.235868560862649,0.274321758908545,0.231473564095144,0.203783338866535,0.201190081371653,0.297218601818092
917,0.325316169246102,0.221920014380225,0.23652602578381,0.275094274877775,0.232176927521384,0.204550736368772,0.20180679645995,0.297877403268496
918,0.325982043332322,0.222504124584248,0.237125755573624,0.275839896872598,0.232880948038066,0.205309867083798,0.202423044357503,0.298490746211298
919,0.326606126623773,0.223085094126802,0.237775992845261,0.276549027140695,0.233557008416296,0.206142550965922,0.203069939103064,0.299062106958268
920,0.327263666127587,0.223694393209845,0.238497278188895,0.277301773146743,0.234277587715044,0.20696691677989,0.203709505746931,0.29967835136744
921,0.327924857786798,0.224304735622479,0.239227774491132,0.278101832830821,0.235033924195641,0.207768369952482,0.20435504235027,0.300295038606839
922,0.328537798768207,0.22488168733556,0.239897279823885,0.278904340290305,0.235777575773319,0.208543440264654,0.205017048837852,0.30085434173992
923,0.329112978897817,0.225448270266806,0.240537089660017,0.279565424413153,0.236404952711929,0.209234626406678,0.205621421922125,0.301439447936433
924,0.329661971766059,0.226008365439445,0.241193971928026,0.280269418257678,0.237046343257796,0.209958586244756,0.20621878255898,0.302008590683741
925,0.330198026027644,0.226583248061539,0.241876535106521,0.281062320733521,0.237745726178992,0.210749433582339,0.206845690737304,0.302562936850344
926,0.330734322580239,0.227208507088919,0.242553288736642,0.281835821722124,0.238449387340692,0.211550416824771,0.207517138750408,0.303148047684658
927,0.331211948899153,0.227757509388715,0.243164186316019,0.282491573155736,0.239108904167081,0.212331180670585,0.208131256622788,0.303642251258658
928,0.331655500282727,0.228286738001626,0.243763962191317,0.283154835054023,0.23976708047062,0.213110123139088,0.208735791955526,0.304087323692334
929,0.332089187836196,0.228853665336499,0.244396989949889,0.283914560002686,0.240451305346406,0.213885194924835,0.209370070187506,0.304545697117749
930,0.332464222982668,0.229369362828463,0.244968754568406,0.284550673235398,0.241056221858969,0.21453032182917,0.209922112306643,0.305009155453191
931,0.332858514180856,0.229936906748866,0.245649736241013,0.285290683870408,0.241708600707112,0.215248179944743,0.210507659660456,0.305532191262542
932,0.333244993661579,0.230512169333908,0.24636421151301,0.28608837801771,0.242386097031547,0.216030472480708,0.211119949894998,0.306038885183844
933,0.333537930831833,0.230968766696858,0.246891984244899,0.286731589590075,0.242975762453949,0.216731898957566,0.211677777913868,0.306388415645811
934,0.333872689575967,0.231480861706981,0.247445736508675,0.287407888272026,0.243582568611013,0.217423243141075,0.212279859520004,0.306805992032356
935,0.334185709047887,0.232017676190225,0.248054185483797,0.288097063094709,0.244205621498066,0.218165613395353,0.212876076374964,0.307216529862916
936,0.334432473999118,0.232532207610617,0.24868302052456,0.288767500216116,0.24482053827272,0.218942120473305,0.213433928440588,0.307579897193705
937,0.334672391329444,0.233006673873257,0.249217910372408,0.289431627461196,0.245387361460362,0.219560497307131,0.214007108375454,0.308041084477372
938,0.33490588008746,0.233514451755266,0.249793880175099,0.290094536084252,0.245950118423455,0.220256307286984,0.214606981622968,0.308443267579144
939,0.335124642368746,0.234036955546531,0.250414403287308,0.290740434679209,0.24651268613493,0.221000463296881,0.21515322997577,0.308791351928644
940,0.335308128987023,0.234524012221547,0.251021694585361,0.291354785037533,0.247069360542997,0.22167854416902,0.215570527690582,0.309142470035938
941,0.33540112641916,0.234995806108975,0.25153730848339,0.291980477466057,0.24765280520083,0.222383393798499,0.216075151360512,0.309417312741405
942,0.335489852980541,0.235482205064393,0.252084434218479,0.292646255279051,0.248267807589091,0.223083509480755,0.216649578052143,0.309729472212873
943,0.335574261750211,0.235963823100126,0.25267800507816,0.293314133379832,0.248871211332332,0.223757488623593,0.217232096074594,0.310053051579474
944,0.335530748489834,0.236356890996892,0.253173193768322,0.293863931914094,0.249362978195609,0.224407445519926,0.217730321831767,0.310167967275209
945,0.335494272928746,0.236825739520518,0.253680773728882,0.294402667823878,0.249858777518043,0.225055780456927,0.218211870735425,0.310373848419995
946,0.335415126190271,0.237295517584539,0.254193868740333,0.294963028653741,0.250338787712256,0.225658005952193,0.218675155733685,0.310589691436533
947,0.335229109143283,0.237679014381368,0.254686965040156,0.295538417916022,0.250777213929569,0.226202789115805,0.219114142448967,0.310694333870328
948,0.335001349236547,0.238085680825407,0.255182312660921,0.296052616464918,0.2512613180905,0.226866558906475,0.2195679935896,0.310808600919379
949,0.334728307888776,0.238509446951638,0.255661884386113,0.296586120363106,0.251734660863362,0.227487888220496,0.22003553348601,0.310900559453224
950,0.334364791567562,0.238900298801382,0.256101588654986,0.297125998299262,0.25215239223805,0.228044701667353,0.220473967574215,0.310913351156662
951,0.333849455309038,0.239193639280657,0.256485549743424,0.297599819600691,0.252494448918901,0.228619078602803,0.220827261317412,0.310793369033332
952,0.333285988028623,0.239531509005111,0.256919721691858,0.298075981451443,0.252886372234258,0.229205861735641,0.221237922695017,0.31071990429718
953,0.332779365277501,0.239894017548166,0.257355880432169,0.298577326228302,0.253324576250747,0.229791879030806,0.221675390399103,0.310696546646926
954,0.332349714229593,0.2402460225394,0.257763505851754,0.299094301850856,0.253762035741609,0.230363492848324,0.222092988464084,0.310685415280404
955,0.33185468743304,0.240569211034628,0.258192554510859,0.299567154375055,0.254104252558508,0.230911255477439,0.222462430562338,0.310621110049138
956,0.3313934904636,0.240927940152101,0.258654027525778,0.300040159659268,0.254472259699738,0.23143194689301,0.222854933318942,0.310605715017525
957,0.330967991944785,0.241282833200694,0.259074179518125,0.300465042206208,0.254851027392958,0.231943263536859,0.223263545506498,0.310587837379744
958,0.330574243841086,0.241583959662069,0.259395241951077,0.300819359827292,0.255209903165039,0.232475676995307,0.2236621033484,0.310514050906392
959,0.330344043687836,0.241931213751842,0.259803050397853,0.301377751677223,0.255708858100061,0.233076948648717,0.224083423055209,0.310615352307757
960,0.330239584857864,0.24234422076362,0.260295269604932,0.301941045179675,0.256203434899317,0.233663713876557,0.224554800334841,0.310794277120296
961,0.330234832221328,0.242796695123081,0.260824573617643,0.302443166206681,0.256654786628323,0.234240323176831,0.225051235697915,0.310997497590513
962,0.330321838853833,0.243225256319482,0.261315896193104,0.30297003558046,0.257139043524721,0.234895553182666,0.225503329293178,0.311231358594479
963,0.330461968158962,0.24366839719936,0.261852089311255,0.303456153276991,0.257573416259909,0.235496504094982,0.225992191019758,0.311466552675292
964,0.330576656607285,0.244088420362889,0.262369841661771,0.303933039042283,0.258003859224689,0.236060620114697,0.226455883920742,0.311721585617652
965,0.330671504250731,0.244466552083622,0.262833041072117,0.30444735767092,0.258474031569707,0.236630739686537,0.226870401810872,0.312022365821393
966,0.330979850260664,0.244851447399823,0.263337034899328,0.305046165522794,0.258952319969321,0.237228251858599,0.227368885211483,0.312393469814461
967,0.331284519114627,0.245326527967114,0.263858543079005,0.30559735113722,0.259506439261976,0.237892767650679,0.227904699338071,0.312764546361685
968,0.331566765081601,0.245826172713645,0.264355688058766,0.306107286415702,0.260106628022279,0.238544852305675,0.228427012002673,0.313115073899882
969,0.331881780257882,0.246241639760479,0.264805231239008,0.30663924261037,0.260673140817684,0.239091821772589,0.228892720271151,0.313449820721958
970,0.332188708111908,0.246650957580607,0.265356866362665,0.307193808129463,0.26111200782315,0.239711020078974,0.229334584394627,0.313767058115579
971,0.332564939953264,0.247125234105278,0.265964132519915,0.307782986956041,0.261655695616299,0.240321861062021,0.229861799203419,0.314167171395115
972,0.332996616291926,0.247634458039437,0.26654162879433,0.308378692006356,0.262289094392469,0.240912238595435,0.230437967456655,0.314614986371306
973,0.33337198699658,0.248050729079247,0.266992024102779,0.3089173682911,0.262729703076341,0.24155834112528,0.230882553337656,0.314938977612613
974,0.333763566344696,0.248495430404096,0.267489602543675,0.309460667979867,0.26327117700532,0.242183615355587,0.231433400472748,0.315349114826198
975,0.334193799971459,0.248979175321976,0.268066312109492,0.310050576269535,0.263865781119347,0.242860318758854,0.23204072887447,0.315828827913973
976,0.334659591399776,0.249479093820796,0.268684980587282,0.310670443849525,0.264437192222729,0.24360561088426,0.232623094756392,0.316301661047436
977,0.335114858369678,0.249946163476836,0.269218642480808,0.311161381055216,0.265019238571422,0.244223794488331,0.233172074462666,0.316646474582616
978,0.33560515852111,0.250388719146706,0.26970539142911,0.311659152448095,0.265512784727439,0.244805006810004,0.233682139563594,0.317085307679705
979,0.336120139597197,0.250854015504542,0.270197430838484,0.312217658772341,0.266014027455389,0.245412004938819,0.234211642994517,0.317595173116492
980,0.336628009074449,0.251371534063413,0.270730908549892,0.312832254260849,0.266634238380053,0.246070812800542,0.234796272961092,0.318068599283781
981,0.337111450496574,0.251773772555956,0.271186244346839,0.313375513741578,0.267072931932222,0.246632804585567,0.235190311253655,0.318559810959765
982,0.337686540653949,0.252206098337593,0.271741448036024,0.31395844798025,0.267625999098146,0.247347295475302,0.235653347080632,0.319061389941468
983,0.338375831202268,0.252726885868431,0.272381769933099,0.31459438459131,0.268327194006673,0.248171377792742,0.236271539201519,0.319590428699632
984,0.33909749280401,0.253286745294156,0.272908570593005,0.315190581038968,0.268934559685569,0.248791673689594,0.236922858679644,0.320179467561537
985,0.339691494444931,0.253772324945442,0.273423078875955,0.315671027672382,0.26940409830899,0.249433293507343,0.237356301204338,0.320672651084107
986,0.34028983959603,0.254253076751416,0.273987288108958,0.316179224170589,0.269932173795541,0.250088004025542,0.237780533870988,0.321156635039905
987,0.340979338929993,0.254773540187801,0.274588929194854,0.31679328880443,0.270609713604187,0.250727829968116,0.238325534724787,0.321698006949463
988,0.341641106818771,0.255259504616119,0.275068899524029,0.317383890915248,0.271227714061803,0.251355594700525,0.238783486979747,0.322230227993415
989,0.342366553252245,0.255684999662862,0.275699925153527,0.317897311587446,0.271827792554272,0.2520244231734,0.239362708844837,0.322789882384175
990,0.343121663128275,0.256111838773577,0.276338894517784,0.31841265625456,0.272407155520878,0.252700180209187,0.239960897658503,0.323396218921795
991,0.34385236380148,0.256594617072561,0.276802898095802,0.319008194873247,0.272964273831716,0.253350004284377,0.24044713868454,0.324035546868877
992,0.344610042698664,0.257015159293724,0.27734886126007,0.319547283213611,0.273543521276252,0.254103087083685,0.241017144746321,0.324591636467455
993,0.345373820263638,0.257527272998526,0.277951097686793,0.320122767220413,0.274111822734119,0.254716381536033,0.241642863349394,0.325190158253841
994,0.346112650457208,0.258058727903352,0.278563628116348,0.320704600277764,0.27467872472105,0.255227503671136,0.242210704824289,0.325807075709748
995,0.346812305930259,0.25842767629024,0.279136977409847,0.321207993070151,0.275269905604698,0.255862382379417,0.242603904092858,0.326335523638499
996,0.347639818081134,0.258921848203539,0.279713181919774,0.321844249796257,0.27577648224521,0.256651237484512,0.2431477750175,0.32689785977368
997,0.348453037513195,0.259388830290068,0.280250519353236,0.322439251611524,0.276319670147092,0.257404912968387,0.243734403174839,0.327512797986672
998,0.349199709708831,0.259794781861134,0.280725532925526,0.322944831248326,0.276921084575303,0.258062267906891,0.244260082040954,0.328146700803922
999,0.349987345977081,0.260313389498251,0.281154819037928,0.323527663135644,0.277444645085327,0.258759166568932,0.244699804632353,0.328718459173099
1000,0.350797433669571,0.260754204821435,0.281748903430086,0.324178015808294,0.277978337061898,0.259368897102041,0.245261009217937,0.329367704414123
1001,0.350797433669571,0.260754204821435,0.281748903430086,0.324178015808294,0.277978337061898,0.259368897102041,0.245261009217937,0.329367704414123
1002,0.35169993103517,0.261232956188574,0.282253896262578,0.324746394539454,0.278568680361017,0.260032882557169,0.245736742589795,0.329918752717977
1003,0.352570871309174,0.261664387110683,0.282730752913834,0.325344778126336,0.27911546178042,0.260686460624572,0.246267058711698,0.330515093501382
1004,0.353491628313876,0.2620986594076,0.283225133905681,0.325964451489335,0.279668012889228,0.261413064210045,0.246895398859815,0.331160091166555
1005,0.35433929673873,0.262526542709309,0.283717555885248,0.326569954909307,0.280199694638905,0.262063175052781,0.247445934612427,0.331800648289522
1006,0.35511178426121,0.262901581804049,0.284169278506888,0.327228606610988,0.280691398777148,0.262603669609929,0.24794930107326,0.332487675256062
1007,0.355936848769671,0.263302894712377,0.284613992789867,0.327815648052665,0.281231045493212,0.263233710183954,0.248471920910531,0.333082538433629
1008,0.356755349666291,0.263719837449017,0.285074626492041,0.328354869433278,0.28177922792696,0.263899225807736,0.24896641239086,0.333602504026373
1009,0.357601095436773,0.264161295719146,0.285528612266568,0.328898891078386,0.282283709132373,0.26451859924136,0.249483415617545,0.334188119721771
1010,0.358477901507611,0.264606218305486,0.285907727976196,0.32940351422555,0.282774770653223,0.265145708091861,0.24997356073957,0.334729205441078
1011,0.359331494822522,0.2650697275236,0.28639246415697,0.329908127881313,0.283308026107779,0.265806746433749,0.250556482766554,0.335332221477669
1012,0.360210871274907,0.265570370537955,0.286969264880978,0.330473991315269,0.283787044076617,0.266373989627442,0.251095498462604,0.335952720217844
1013,0.361092157361344,0.266065511148808,0.287492835549873,0.331059804307431,0.284372544443195,0.266943960944309,0.251659252501716,0.336598909618559
1014,0.362000177471575,0.266512026563588,0.288058084072954,0.331597553892261,0.285064535626666,0.267675512318292,0.252261518432134,0.337200085377846
1015,0.36293538009745,0.266941582102096,0.288583831681737,0.332097088701118,0.28557949423468,0.268378494404612,0.252761208155023,0.337728658922648
1016,0.363870362670981,0.267328496966179,0.289015455050467,0.332557116353831,0.286023549315683,0.269056206226622,0.253276023046821,0.338283003300054
1017,0.364789848433993,0.267719107207524,0.289454698266158,0.333029815640479,0.28650667876928,0.26983327345079,0.253800952459661,0.338861126581221
1018,0.365682176137317,0.268151450892123,0.289875046203556,0.333536788697138,0.287030469709696,0.270535379253274,0.254277851991208,0.339422527373822
1019,0.366542116862958,0.268626612440333,0.290209883980958,0.334106507622718,0.287560875051001,0.271198617895475,0.254701508651972,0.339931164043577
1020,0.367410005202035,0.269041243565689,0.29066654942794,0.334627119092573,0.288109747448865,0.271857315046959,0.2551269427772,0.340514550283085
1021,0.368264962012935,0.269467629920366,0.291219584584518,0.335169125522173,0.288717917743647,0.272486567595498,0.255475952775291,0.341169128416697
1022,0.369123592285665,0.269878195586572,0.291676946014202,0.335645226953109,0.289267487669091,0.273119239460598,0.255958903983503,0.34175480904715
1023,0.369963742744189,0.270223717016748,0.292105841126494,0.335993646330793,0.28978645421713,0.273725663176377,0.256539130464163,0.342339516308781
1024,0.370818224534747,0.270617736215475,0.292575379032554,0.336455562242062,0.290294389675251,0.274317841274979,0.257021007224211,0.342923869892645
1025,0.371677299734703,0.271050579564576,0.293015166971069,0.336949832529709,0.290747208499044,0.274885750239464,0.257511900353759,0.343474885148933
1026,0.37253826014958,0.271460541475055,0.293455345160521,0.337427776062985,0.291310643039962,0.275515945457902,0.258017102252821,0.343992541912561
1027,0.373391768367289,0.271843092780675,0.293960900247432,0.338029304100313,0.29187840150977,0.276134007490222,0.258442494991798,0.344618551537899
1028,0.374262682509098,0.272242731202052,0.294553269894864,0.338711634230504,0.292376464101894,0.276820129259744,0.258941562321813,0.345257718570647
1029,0.375110183635004,0.272640462577216,0.295086797629,0.339131516069185,0.29284031991977,0.277526384942856,0.25950630250671,0.345801852981247
1030,0.375906643807119,0.272949438855378,0.295447141892904,0.339552571422454,0.29332013299656,0.278173525582642,0.259981750947284,0.346356903797901
1031,0.376694521578125,0.273279538553278,0.295829765692723,0.339982773104417,0.293721625435707,0.278783777546984,0.260482525325188,0.346863554029579
1032,0.37745475222779,0.273595021586527,0.296132126250181,0.340289697924306,0.2939723564326,0.279323649178322,0.260974023398169,0.347285793412239
1033,0.378226582408161,0.273918781988922,0.29653596173131,0.340705552111371,0.294366308028439,0.279890167515238,0.261415884429754,0.347740867097655
1034,0.378967267832136,0.274203263980566,0.296974921730437,0.341223439540102,0.294797114990127,0.280430396634182,0.261853537176118,0.348177290398752
1035,0.379745275564957,0.274576001228913,0.297401582217343,0.341666926664211,0.29522943952006,0.281015524825202,0.262284283777964,0.348649859759739
1036,0.38057247626864,0.275026808808701,0.297905830987742,0.342060289989026,0.295731051227312,0.281600777185257,0.262624684446882,0.349155321672816
1037,0.38133182924114,0.275397400600391,0.298296792253257,0.342508805366575,0.296193716257848,0.282217595041496,0.263051681315124,0.349628593923374
1038,0.382098902308645,0.275804365813501,0.298576223178964,0.34301944654642,0.296651454585114,0.282892741800676,0.263568097535845,0.350108363649283
1039,0.382813519595126,0.276138437804287,0.298909200912524,0.343454852236583,0.297081973307062,0.28352071319465,0.264005130142664,0.350587842343015
1040,0.383500714748992,0.276417326218959,0.299249938679358,0.34391013512716,0.297482040328366,0.284146379592574,0.264457902169941,0.351082475005821
1041,0.384103910104201,0.276633155237284,0.299563780900465,0.344277107977251,0.297911574062604,0.28477724356648,0.264833200460379,0.351473476979495
1042,0.384684853689601,0.276859933626164,0.299868899596727,0.344597399735163,0.298346309550237,0.285355689295154,0.265177060930219,0.351932178805102
1043,0.385293079673851,0.277151899796152,0.300198930251074,0.344964865214545,0.298677072604052,0.285893369870699,0.265543762307873,0.352413415613569
1044,0.385900802435947,0.277405316954326,0.300459623862121,0.345375262892037,0.299000575947683,0.28637814651806,0.265938119104257,0.35280089954626
1045,0.386539722300894,0.277718233676142,0.300783624155964,0.345823685765268,0.299364358634178,0.286898502435182,0.266339931511511,0.353189088913128
1046,0.387166233800097,0.27800763975952,0.301102042228472,0.346229951528236,0.299719966379457,0.287416567136043,0.266718872783704,0.353573049996441
1047,0.387845464092435,0.278323993467152,0.301476409164929,0.346667028092,0.300065094378636,0.287907176974153,0.26710078292011,0.353922669273234
1048,0.388433267871552,0.278557085789168,0.301762312426958,0.347024575060621,0.300404705785404,0.288430169309047,0.267460731690562,0.354282598738254
1049,0.388956988175769,0.278756260037292,0.301993804907337,0.34733884696681,0.300750877212768,0.288996756448336,0.267797647027547,0.35464116290956
1050,0.3895175462739,0.27895250512973,0.302241684764636,0.34762363211648,0.301092441182334,0.289517935728464,0.268141375123081,0.355021078118285
1051,0.390066893900587,0.279080300939657,0.30244550775846,0.347821820615311,0.301416775538089,0.290023260701123,0.268477677951505,0.355432582462083
1052,0.390608081227408,0.279276289518095,0.30269727432841,0.348099247596692,0.301750887756339,0.290539889781773,0.268812226281767,0.355788042613618
1053,0.391193427718843,0.279508152141883,0.302984129679613,0.348407053977295,0.30213154240142,0.2910633742567,0.269169617646403,0.356145624374818
1054,0.391713002454474,0.279726065879229,0.30327353058226,0.348689231900689,0.302451826622028,0.291552269622063,0.26948368031159,0.356480414556121
1055,0.392183919408825,0.279971524393465,0.303617748707846,0.348995812433407,0.302710739725614,0.292028310660557,0.269776636235994,0.356758916385982
1056,0.392644980848972,0.280184893406328,0.303875719896549,0.349294516068861,0.303002944803603,0.292514416523156,0.270064848207603,0.357041282619837
1057,0.393096752058561,0.28037635623498,0.304095503678204,0.349584231734236,0.303299409893237,0.292972587945095,0.270357727156679,0.357318706443644
1058,0.393491458636478,0.280583609983763,0.30430548698714,0.349825321700235,0.303564411568,0.293429189430351,0.270562962645495,0.357607693614196
1059,0.393865534105968,0.280738993687398,0.30450357007294,0.350096622133091,0.303865417347297,0.293977572004346,0.270768661314084,0.357857010940493
1060,0.394242075207293,0.280893398258596,0.304667424327394,0.350339480412095,0.304212619769842,0.294488015337392,0.271026040419863,0.358113966254947
1061,0.394628106293257,0.281102232896517,0.304888403930332,0.3506162204129,0.304465795631941,0.294986904570322,0.271328603523923,0.358367293191522
1062,0.394992514730697,0.28134649884026,0.305160775576817,0.350878019566676,0.304659095614484,0.2955005041289,0.271663018192778,0.358618009333208
1063,0.395386672278218,0.281540520261737,0.305406600663208,0.351180441345208,0.304909728211589,0.296005877793394,0.271979686306918,0.358858474940543
1064,0.395846349274847,0.281762079435952,0.305651708638212,0.35155935045309,0.305116389710786,0.296499335475863,0.272365210447071,0.35910007588614
1065,0.396203250288224,0.281947105126855,0.305895868618407,0.351838231547042,0.305378480338581,0.296952359811021,0.272679822676121,0.359323891871215
1066,0.396511315299052,0.282064154652693,0.306155594274278,0.352070522519798,0.305718971508086,0.297376595550739,0.272942374583466,0.359503239877256
1067,0.396831128529806,0.282223693430793,0.306375396669349,0.352321970679241,0.30599845862504,0.297831246990946,0.273212483600674,0.359751569618678
1068,0.39711150431579,0.28239879132092,0.306564005732592,0.352536080101419,0.306275810636905,0.298242023902129,0.273460293291708,0.360064451434959
1069,0.397384914146321,0.282583716946086,0.306784335370194,0.352763319415632,0.306526942063305,0.298698107583768,0.273722982225228,0.360292112924133
1070,0.397688707521498,0.282773443716854,0.307018357055702,0.353012673008667,0.306733775110621,0.299223353810679,0.273992269278816,0.360550038433708
1071,0.397940967782933,0.282967815327202,0.307216721386025,0.353247497162601,0.306974857426554,0.299705536083225,0.274248965858727,0.360738650053699
1072,0.398119192656372,0.283197352407865,0.307400680644105,0.353448519716114,0.307234314375333,0.300161749019675,0.274514730252795,0.360807148748517
1073,0.398327769912199,0.283386316829838,0.307598476434504,0.353681061054808,0.307462130646266,0.300635775336266,0.274769450970137,0.360921049679234
1074,0.398554577946503,0.283548248362823,0.307776628683077,0.353942407752865,0.307719710541249,0.30111852244898,0.275037436734303,0.361034943699201
1075,0.398749891639441,0.283713553523728,0.307924950325574,0.354179945642886,0.30790334100144,0.301579825987397,0.275219372725648,0.361133944987954
1076,0.398892032923829,0.28388541452957,0.30814916682364,0.354439087576055,0.308067620003412,0.302067248628312,0.275419714840896,0.36127008520722
1077,0.399032428101607,0.284065903788753,0.308431127035384,0.354713394704522,0.308216138839572,0.302589307644886,0.275635962555414,0.36142176069659
1078,0.399169531529972,0.284250262612308,0.308692362150404,0.354977401833484,0.308397546576041,0.303065103701464,0.275921583305731,0.361585240499038
1079,0.399261832010765,0.284477082290012,0.30900576748553,0.355250835838077,0.308572247536206,0.303549231377312,0.276288025974504,0.361810545332809
1080,0.399373167439092,0.284650429110218,0.309237766133104,0.355514662112379,0.308794753690409,0.303994337280311,0.276555504232911,0.361938120680543
1081,0.399510845920378,0.284774059099876,0.309440687266388,0.355769069590078,0.309054022945353,0.304380128666346,0.276851589001212,0.362033387457881
1082,0.39962179263523,0.284943745858779,0.309627561539978,0.356021358356211,0.309301331692117,0.304803596013004,0.277089197364218,0.362118635339058
1083,0.399733920714679,0.285106248518815,0.309735308309561,0.3562936224172,0.309601594268439,0.305211987651897,0.277185274460437,0.362143761627323
1084,0.399790674443592,0.285288952808095,0.309914285892533,0.356512870432696,0.309829304814168,0.305645785392211,0.277391040928882,0.362196756981816
1085,0.399816605646639,0.285508100012377,0.31011361609426,0.356675671814168,0.310002456606243,0.306101007165215,0.277665294338848,0.362248889064575
1086,0.399845492063308,0.285721491088815,0.310324250313685,0.356892497390189,0.310215567692663,0.306559788282138,0.277901304998212,0.362314995328747
1087,0.399826518161398,0.285963137385629,0.310585102653606,0.357097799541234,0.310427495042422,0.307063812355796,0.278178827229019,0.362395497676902
1088,0.399820379006614,0.286156752456522,0.310809915173721,0.35731649859842,0.310618898279038,0.307507250367637,0.27839761753559,0.362454534826182
1089,0.39985749541284,0.286334762916281,0.31102736682741,0.357603713545097,0.310837646460408,0.307924457599692,0.278537893792729,0.362520033647714
1090,0.399842594830017,0.286498757925005,0.311230614927071,0.357836496445267,0.311018786283489,0.308331268726092,0.278728937293149,0.362577756519925
1091,0.399807832774493,0.286628384606062,0.311404533432213,0.358019903612947,0.311154647374962,0.308675777688575,0.278932316897025,0.362634547576152
1092,0.39972556990706,0.286744319615654,0.311586981246035,0.358234281679254,0.311268577315162,0.309046092755274,0.279120482570594,0.36265648372423
1093,0.399649530275473,0.286877425737466,0.311789467505831,0.358425456889335,0.311436282386327,0.309458338592195,0.279304337953829,0.362666363301043
1094,0.399543371829095,0.287009702538485,0.312003957490882,0.358597313328873,0.311631182446298,0.309904020843142,0.279505800672271,0.362656613659877
1095,0.399454801847759,0.287159031999165,0.312199168028029,0.358775771096879,0.311800975177787,0.310336828696589,0.279692249359662,0.362668675190943
1096,0.399372553329554,0.287326181383798,0.31240494452039,0.358943920192109,0.311981022937043,0.310813451001062,0.279840549139688,0.362665410735362
1097,0.399274864484041,0.287471748201416,0.31259591056177,0.359133228816956,0.312166249122294,0.311233710514686,0.280034379275502,0.362674107816149
1098,0.399181839841295,0.287622853713781,0.312780154327361,0.359331944178557,0.312332909132366,0.311629976293875,0.280273337614452,0.362721851090289
1099,0.399059032961161,0.287763970509994,0.312945216516006,0.35951611563633,0.312505795193693,0.312015237831554,0.280474942517432,0.362724197717279
1100,0.39891774336537,0.287887907930312,0.313095228206546,0.359694914014853,0.312730274916095,0.312378733797648,0.280681283210089,0.36269974828413
1101,0.398766914682295,0.288011150978106,0.313255648812954,0.359896499883867,0.312889701893274,0.312737446803271,0.280860932328059,0.362673920316903
1102,0.398588927480369,0.288123036245615,0.31337901434613,0.360116739230893,0.313000164847152,0.313071369868128,0.280985595818484,0.36262933132504
1103,0.398419703334009,0.288256816926926,0.313537381436152,0.360309654465077,0.313130259090474,0.313424426803931,0.281163561328071,0.362592917183252
1104,0.398235851945734,0.288391784077543,0.313750949330141,0.360511568249477,0.313243994347258,0.313775079821073,0.281387581735714,0.362557624181396
1105,0.398070426941627,0.288533463400454,0.313922944775927,0.360706325553329,0.313354055542907,0.314132962331747,0.281558478362956,0.362514019215113
1106,0.39794944168349,0.288721791701715,0.31407252206744,0.360888965761154,0.313458326598739,0.314511989433093,0.281718979303526,0.362479929457917
1107,0.397772769198007,0.288864585397187,0.314237824379712,0.361044851306665,0.313573869447177,0.314878146103208,0.281892593628563,0.362424484224006
1108,0.397585496302612,0.28899100825913,0.314420014191934,0.361202354101907,0.313682485455803,0.31525463663997,0.282037911725819,0.362341590481032
1109,0.397371004585586,0.289097487580935,0.314553558330418,0.361337026237121,0.313795867149259,0.315598643874219,0.282178463860981,0.362276231177116
1110,0.39714374473174,0.289190373973438,0.314689600594309,0.361461978034308,0.313925005909917,0.315951547807048,0.282327516553953,0.362193967413514
1111,0.396873792201417,0.289245420945471,0.31484265974919,0.361536184340485,0.314088100852124,0.316299723130461,0.282520138934496,0.362095285051394
1112,0.396613814864875,0.28933191696474,0.314958203516803,0.361663787503073,0.314209277856656,0.316640283363934,0.282650301663001,0.362001478631566
1113,0.396363341731526,0.289425487338109,0.315012424274902,0.361820127450171,0.314333120571361,0.3169885942149,0.282734777667555,0.361914791970415
1114,0.396077371682589,0.28950765340648,0.315131965209679,0.361949175811887,0.314421436373953,0.317304913606573,0.282844524097732,0.36180644180649
1115,0.395791681953933,0.289602776371218,0.315297807015717,0.362098400826978,0.31448175842292,0.317601814660131,0.282953581953051,0.361694266072518
1116,0.395440894095322,0.289673149322173,0.315399081601686,0.362205544846463,0.314536573360674,0.317897075817848,0.283049200337205,0.361564659500408
1117,0.395071673972953,0.289726090497475,0.315499660244843,0.362273605859365,0.314577846298981,0.318168001708033,0.283154066216661,0.361434523382027
1118,0.394643989128205,0.289773008322263,0.315582879114706,0.362356574506904,0.314599953748389,0.318446981479413,0.28323536997244,0.361261956314037
1119,0.39418502633788,0.289823420044941,0.315624234480012,0.362443948381944,0.314601543651573,0.318736415243741,0.283300327831264,0.361078550109042
1120,0.393642855956607,0.28984341852325,0.315660192871587,0.362502581894704,0.314600457657816,0.319005071006676,0.283350258541798,0.360853820047378
1121,0.393070113949255,0.289839927150977,0.315699752561655,0.362560669676087,0.314597320624649,0.31927240530139,0.28337152555058,0.360636214466952
1122,0.392400609551087,0.289833071017714,0.315727383350092,0.362595817924146,0.314567441598549,0.319519751116334,0.28340601089456,0.360314793302494
1123,0.391696110135947,0.289827115203085,0.315738015257276,0.362593160943811,0.314557920153656,0.319762785454038,0.283488757278769,0.359935783826244
1124,0.390843215968872,0.289780709392941,0.315727549206465,0.362590348404681,0.31448212345925,0.319975660436948,0.283481967869863,0.359502037982505
1125,0.389882303090767,0.289711971400629,0.315704034041829,0.362579455274711,0.31436469793122,0.3201666738495,0.28343639141384,0.359004789365652
1126,0.388850324610393,0.289635490752048,0.315693143667214,0.362587736458573,0.314208060731451,0.320344216556128,0.28337871668352,0.358424432636799
1127,0.387642582784633,0.289522566369015,0.315614041222196,0.362495197423619,0.314016408766552,0.320482484751301,0.283270575004347,0.357808235943357
1128,0.386315670002764,0.28937379658093,0.315489345261269,0.362363532886485,0.313779243220388,0.320604919545792,0.283084864806599,0.357174206373227
1129,0.38481495080411,0.289203603913881,0.315359247831264,0.362209793164661,0.31351788802081,0.32066602737629,0.282905277252386,0.356424458710642
1130,0.383187496903921,0.289029315299859,0.315211879667642,0.362006265976395,0.313249530865061,0.320689437745472,0.282745017762667,0.355604295610848
1131,0.381388505563974,0.288794543395715,0.315019476427249,0.361761606740141,0.312896074291849,0.320675714894451,0.282488778756801,0.354699453310694
1132,0.37944380983524,0.28853172629268,0.314828287151123,0.361512692265675,0.312495013982553,0.320600140781682,0.282179989275612,0.353745687926636
1133,0.377320397136742,0.288207707564494,0.3145532967061,0.3611929670817,0.312043856003205,0.320527173435758,0.281826020821286,0.352647517472827
1134,0.37502028161322,0.287823135602074,0.314203852519472,0.36079072227171,0.311526736113089,0.32046127859706,0.281403678322872,0.351443059354183
1135,0.372608161267079,0.28742285184692,0.313845410628835,0.360381806368882,0.310976946618957,0.320318089857278,0.280967278381769,0.350160318011328
1136,0.370026540693932,0.28697320138864,0.313428921572011,0.359948116314502,0.310399575035283,0.320137852557973,0.280480461659777,0.34874641024376
1137,0.367346555332058,0.286508550984337,0.313012994412938,0.359480182254405,0.309761532556234,0.319920187070246,0.279993988727798,0.347289843634271
1138,0.364506293632334,0.286021924381843,0.312600328694989,0.358978218075805,0.30903961474661,0.319631054577603,0.279505949973403,0.345736774863467
1139,0.361642642400522,0.285516812596411,0.312141356973159,0.358448485988845,0.308329416194113,0.319334961639384,0.278970385527997,0.344179115191386
1140,0.358620491966655,0.284993595526774,0.311647937065089,0.357893422666486,0.307596549703687,0.319034225568527,0.278407527408448,0.342595032010109
1141,0.355639620670037,0.284439071008129,0.311138412064958,0.357304517193799,0.306831537234222,0.318686732518259,0.277824045563614,0.340937417264103
1142,0.352649077106281,0.283860695584073,0.310604303857114,0.356685172928789,0.306045802999081,0.318305058347713,0.27721241885995,0.339232492228136
1143,0.349610133633945,0.283249440425361,0.310024465252595,0.356018356755612,0.305242870866298,0.31787613675851,0.276552092138369,0.337462953407928
1144,0.346681385188836,0.282665516865901,0.309474987070872,0.355386820718138,0.304448787061054,0.317470391686825,0.275907139833336,0.335776160908666
1145,0.343747185680825,0.282058233061072,0.30892940968035,0.35474676658129,0.303613218505794,0.317030269772319,0.275236657252401,0.334024030715159
1146,0.340940522564151,0.281474283774061,0.308358836964931,0.354089110812663,0.302822558403293,0.316620971263067,0.274608887557881,0.332384297660068
1147,0.338171638404396,0.280911932655641,0.307758328764882,0.3534194408189,0.302061878001736,0.316231077726027,0.27397981370398,0.330817810251466
1148,0.335578158918176,0.280346704200931,0.307212617436286,0.352784153872401,0.301292766597966,0.315831195626852,0.273375318284989,0.329298610249105
1149,0.333043510759745,0.279757215747414,0.306649001765657,0.352120242060564,0.300498644177328,0.315423165932098,0.272784512831495,0.327761978515956
1150,0.330719299192084,0.279221979177756,0.306145198230233,0.351510205192078,0.299771560880906,0.315031083103081,0.272236132344663,0.326385454828361
1151,0.32853881690307,0.278691162690196,0.305693932272305,0.350938721984249,0.299030540234267,0.31460904147272,0.271704718104773,0.325117847119343
1152,0.326534941732045,0.278224040330454,0.305260802444107,0.350399779946693,0.298399137342407,0.314267580111992,0.271202452375701,0.323914653284662
1153,0.324691950685656,0.277805480686841,0.304838992084296,0.349870941076688,0.297841275670799,0.31396943303387,0.270724638478511,0.322787194001991
1154,0.323002112362165,0.277409503279531,0.304463149235587,0.349388477158234,0.297323284525356,0.313683231292736,0.270299401758313,0.321761273984535
1155,0.321494579831146,0.277061676603605,0.304142630921233,0.348958099664485,0.296883451902973,0.313446965723261,0.269908410435345,0.320808784067807
1156,0.320096997697679,0.276729434596367,0.303823060537759,0.348547851834787,0.296466467356141,0.313221885976577,0.269540491851938,0.319951565406886
1157,0.318843071952579,0.276411408650733,0.303510628881017,0.348165703994049,0.296096446466831,0.312992072286453,0.269200804864502,0.319207922420785
1158,0.317701601066854,0.276126994725519,0.303245238793168,0.347809050463577,0.295741752100901,0.31279907897212,0.268918712102914,0.318526099884252
1159,0.31668446346694,0.275868371827761,0.303003982597096,0.347464934838769,0.295404094468905,0.31263861151335,0.268682099531538,0.317933530937303
1160,0.315774294974856,0.275641580954114,0.30278817026327,0.347171920676823,0.295115188118237,0.312505656494336,0.268457218563707,0.317388166170615
1161,0.314974569354219,0.275444115117459,0.302603738693866,0.346915384740086,0.29486010813582,0.312398829147398,0.268264870537712,0.316902829789408
1162,0.314308267294591,0.275274048263115,0.302471558237741,0.34669619327636,0.294634976166735,0.312309160105457,0.268132550439457,0.316488177969775
1163,0.313676873620986,0.275135778847109,0.302325149712361,0.346485425023788,0.294430718312105,0.31226675222398,0.26799720718945,0.316112422530749
1164,0.31314788878101,0.275037950948827,0.302178819647298,0.346309955217431,0.294277234356489,0.312266966473309,0.267856194188918,0.315797220022506
1165,0.312644132887792,0.274938453362914,0.30207399816519,0.346153668341118,0.294112802606571,0.312271701853035,0.267765453985417,0.315494416012588
1166,0.31219192829663,0.274867887758074,0.301994952498722,0.346005090834524,0.293925168603205,0.312316590237199,0.267735106217043,0.315230782812958
1167,0.311791337685739,0.274791775748269,0.301924895107029,0.345887657097041,0.293819827480197,0.312346861088683,0.267670100851558,0.315001742909256
1168,0.311474716615808,0.274716792611521,0.301892654243392,0.345818170592153,0.293776681330608,0.312376705896436,0.267607516388581,0.314810534376036
1169,0.311138391852641,0.274657413767162,0.301845332683839,0.34573903870584,0.293712461922283,0.312427721248415,0.267559324636011,0.314624033574899
1170,0.310832911913875,0.274612515734363,0.301809390240655,0.345686198877264,0.293702987892778,0.312487096257703,0.26750144918681,0.314494924064023
1171,0.310540732148714,0.274567823144402,0.301756375456823,0.34560739559044,0.293658381314557,0.312559735645723,0.267469124558835,0.314330817725284
1172,0.310261862318958,0.274539984568567,0.301672980512433,0.345503664511807,0.293569649725052,0.312658677640752,0.267479377198835,0.314146406383493
1173,0.309987416752469,0.274499438167349,0.301634324079418,0.345436513699766,0.293519188825022,0.312745986717196,0.267461728490214,0.313981964721945
1174,0.309745020420561,0.274454526467592,0.301614158099432,0.345382425290869,0.293507463527418,0.312831287723854,0.267441037218941,0.313819541778289
1175,0.309491772818007,0.274411213060021,0.301587331625788,0.345319341297038,0.293462171563322,0.312927068126987,0.267419689429938,0.313666128376336
1176,0.309228027201689,0.274360097388571,0.301592704328656,0.345297333427213,0.293413111812725,0.313047520843986,0.26739000981453,0.313528017191238
1177,0.3089725742685,0.274315922047858,0.301587208310033,0.345243782722753,0.293363311897196,0.313137613659456,0.267357809512081,0.313389999325598
1178,0.308720557526241,0.274285311440789,0.301564750031582,0.345171703118498,0.293288811140633,0.313218762732125,0.267331930426404,0.313277326850126
1179,0.308481189049228,0.274242129309469,0.301545996088273,0.345065978128136,0.293219628053543,0.313291533272834,0.267292048885837,0.313123790880818
1180,0.308229797140674,0.274192961064907,0.301527757814116,0.344980762246019,0.293162470378166,0.313369369734393,0.26725361317197,0.31298098026508
1181,0.30797419722258,0.274138518616588,0.301528431784717,0.344888688262724,0.293118532250083,0.313424151488774,0.267200562514996,0.312836158779493
1182,0.307726326676041,0.274088933538917,0.301492474266713,0.344807987619872,0.293068099631695,0.313496971966815,0.26717229996116,0.312692191543259
1183,0.307483594437551,0.274033564064682,0.301422365697027,0.344742993363501,0.293030597417838,0.313591524690266,0.267158741103864,0.312544900806524
1184,0.307226337044991,0.273980571417024,0.301390212734394,0.344647540396849,0.292961918046204,0.313667785279234,0.267128416012294,0.312395028358174
1185,0.306949668640953,0.273929286195145,0.30135014306913,0.344531313872599,0.2928655279035,0.313725772174378,0.267103171614547,0.312234679224138
1186,0.306717312417278,0.273886387100748,0.301331855688043,0.344446706151007,0.292808158201985,0.313803799351371,0.267071934575926,0.312099889752297
1187,0.306487435243553,0.27383352215325,0.301354130687801,0.344353481470502,0.292743799353917,0.313891423530364,0.26701642443176,0.311963061027938
1188,0.306274847221312,0.273802658349871,0.301350932192983,0.344276035542093,0.29269510423592,0.313972415679198,0.266991615308731,0.311843290981118
1189,0.306087764888671,0.273795197122722,0.301330033073683,0.344215591728736,0.292678605902568,0.314043433729298,0.266995057909935,0.311744993925672
1190,0.305922828856431,0.273777871273017,0.301331132229289,0.344172097753051,0.292658029526294,0.314145321624069,0.266971897789079,0.3116578149933
1191,0.305752966202796,0.273757122518127,0.301325777824451,0.344144471042782,0.292630819409769,0.314257034182044,0.266927337619671,0.311572158143792
1192,0.305626100629035,0.273755157826808,0.301347747292645,0.344109099811042,0.292615375020521,0.314373325191496,0.266921424384852,0.311508012868339
1193,0.305537997784519,0.273761392007729,0.301405407846388,0.34407075103811,0.292600610951394,0.314497477416595,0.266908000029697,0.311464748167627
1194,0.305473732855125,0.273770994948928,0.301449326637009,0.344072354390879,0.29261709427577,0.314650795977711,0.266922977494406,0.311431174917083
1195,0.305415442589892,0.273791888926548,0.301491654207936,0.344087744859527,0.29264351210909,0.314814651083244,0.266982550021734,0.311395141620544
1196,0.305411240360827,0.273819970113367,0.301548396829105,0.344103676432969,0.292689085825529,0.314992770522714,0.267041134937742,0.311398560063924
1197,0.305454883729527,0.273849688299514,0.301613379037582,0.344157765203196,0.292775819099445,0.315206336131686,0.267092346408858,0.311425057940495
1198,0.30552411791775,0.27388228687679,0.301669822263917,0.344201722812721,0.292857902060767,0.315431593523039,0.267183872676793,0.311479781201907
1199,0.305619001918441,0.273933728551764,0.301743874729844,0.344269589094782,0.292944802111295,0.315635642908428,0.267267170039072,0.311544516458663
1200,0.305759111586003,0.274002287438812,0.301835029008487,0.34433225221436,0.293030912181568,0.315824732782577,0.267365473380688,0.311637196555379
1201,0.305901014089279,0.274070419265486,0.301934199873922,0.344416818484644,0.293141598635975,0.316043390334832,0.267459898634212,0.311735552111831
1202,0.306055966198022,0.274145785617604,0.302034509095111,0.344535045819999,0.293265501332488,0.316256297486013,0.267548855446198,0.311840354259919
1203,0.306235723518419,0.274233770853476,0.302152136512651,0.344647688546378,0.293391980692995,0.316500218390378,0.267656535831074,0.31196252950489
1204,0.306434236659291,0.274330335353846,0.302288652811324,0.344743351274243,0.293528180331176,0.316777514153426,0.267767111905991,0.312103785483619
1205,0.306656482148325,0.274431736041383,0.302428266628456,0.344878832105201,0.29368476601711,0.317042697848167,0.267905364589454,0.312259389331335
1206,0.306903738287722,0.274545430304633,0.302579870034118,0.345061695716609,0.293873561228318,0.317311989564131,0.268066631865081,0.312433741084877
1207,0.307163777603033,0.274656885712941,0.302729199906283,0.345206462428014,0.294020143815449,0.317598258485949,0.26822671070783,0.312606719336502
1208,0.307449592701439,0.27477262677664,0.302893650595301,0.345326019042592,0.294151209436502,0.317897853231385,0.268409964376005,0.312786654105649
1209,0.307740428985764,0.274888816151958,0.303042489941779,0.345499879708672,0.294310523796545,0.318191918175168,0.268583124687963,0.312984197014694
1210,0.308045848959928,0.274999986525257,0.303175367292561,0.345674597260677,0.294435640313104,0.318472429312066,0.268749234997977,0.313204103585791
1211,0.308356155194383,0.275129116620974,0.303324170535183,0.345876601602429,0.294605609687786,0.318800655125082,0.268927885779423,0.313405078539934
1212,0.308670836201235,0.275258363160949,0.303474831743759,0.346171301223428,0.294839498605093,0.319161685191357,0.269121208515438,0.313600980791926
1213,0.309001856495199,0.275406468502966,0.303628754608642,0.346395695121807,0.29504675334849,0.319504819283624,0.269301114432662,0.313814591532134
1214,0.309337716325275,0.275587551994592,0.303774248464685,0.346561954126493,0.295257278139247,0.319872345210538,0.269461990223536,0.314012057007527
1215,0.309693588096933,0.275752000834619,0.30394928217037,0.346772809855165,0.295465131759309,0.320243215874816,0.269653681256477,0.314232662588299
1216,0.310065844140755,0.275917416066884,0.30414481699188,0.346983235003735,0.295673043126031,0.320600267198425,0.269845593248648,0.314473729112655
1217,0.310465565589698,0.276087049748723,0.304346540162242,0.347188702967617,0.295866668789347,0.320948171835563,0.27005280182345,0.314745827832512
1218,0.310856170632866,0.276238840340692,0.304529105785115,0.347436023350678,0.296092768700827,0.321356157104897,0.27031829518332,0.315017863435716
1219,0.311241558794504,0.276394025433597,0.30474481750627,0.347710999488553,0.296314054622903,0.32178434342201,0.27059662040227,0.315281499021368
1220,0.31163047570566,0.276556957347398,0.304920525934422,0.347987615283843,0.296533920332237,0.322177149388927,0.27082335963228,0.315537105099728
1221,0.312009050150953,0.276719329063498,0.305050581797664,0.348292113985355,0.296769218028059,0.322563241707077,0.271048090471477,0.315791721071665
1222,0.312407147542043,0.276893092001173,0.305225325708552,0.348541095602573,0.296993080211514,0.322962217832322,0.271248606226179,0.316050998274839
1223,0.312822332444801,0.277086343138481,0.305413627008762,0.348774786241274,0.297207144266188,0.32334658728877,0.271385578668671,0.316294496554307
1224,0.313224661923243,0.277257711274364,0.305594051197868,0.349018652797435,0.297416535010457,0.323736667495324,0.271584438434567,0.316559563353422
1225,0.313630735117092,0.277429056609139,0.305790946291739,0.349218014373405,0.297620129466574,0.324143852362317,0.271812578761177,0.316852793394621
1226,0.314032969596968,0.277593716207867,0.305973003485656,0.349462736641255,0.297832882218388,0.324542713135331,0.272022321418486,0.317121870728943
1227,0.314426646393242,0.277735924541356,0.30614081570594,0.349765386084249,0.298040783405897,0.324930355285775,0.272238973764955,0.317382734829558
1228,0.314827799486231,0.277895062529701,0.30631731069568,0.350020132207432,0.298253057391555,0.325329274639493,0.272456531130956,0.317648357609437
1229,0.315225441525932,0.278070597278485,0.306494986207138,0.350258996341072,0.298485212572167,0.325751837689553,0.272674435908829,0.317905284268669
1230,0.315638228006723,0.278228241938327,0.306672913970654,0.350491055886629,0.298694452996669,0.326142684250734,0.272879096926531,0.318164291822992
1231,0.316074349933717,0.278375454147679,0.306866273820329,0.350688037046085,0.298886969936146,0.32651347135347,0.273092156258924,0.318439081222265
1232,0.316484115098193,0.278535092945892,0.307033612661669,0.350919619673471,0.29908678957452,0.326885172512082,0.273293030061949,0.318696717634283
1233,0.316894185126868,0.278694445134903,0.307172314675986,0.351182352031652,0.299264978230122,0.327238625717613,0.273463029066049,0.318937028277074
1234,0.317299110413085,0.278848374035863,0.307337596097446,0.351413191183235,0.299473807581194,0.327607032944204,0.273647134451546,0.319186642561888
1235,0.317684320487432,0.279013048577477,0.307513005092915,0.351644095644915,0.299719078032049,0.327983550620127,0.27382308673389,0.31943412071328
1236,0.318067167413356,0.279166646887774,0.30766715219714,0.351869532608816,0.29993894052068,0.328359667683484,0.274035901693811,0.319679013808876
1237,0.318480709640493,0.279311009607512,0.307841018100936,0.352070079668727,0.300132637521017,0.32873972827179,0.274219522893209,0.319928621291437
1238,0.318860737389138,0.279462420182536,0.308006713334887,0.352271201082015,0.300327714591006,0.329098376082238,0.274395402258491,0.320179960579442
1239,0.319230498887189,0.279619493810146,0.308145908595714,0.352478118106763,0.300500499524809,0.329458305374104,0.274603115255992,0.320447318304693
1240,0.319613921157605,0.279778237833165,0.308292537896209,0.352693582893964,0.300663208024833,0.329828192270118,0.274750086853533,0.320676833310042
1241,0.319984924197667,0.279920167784794,0.308437416475597,0.352903127277868,0.300856731892258,0.330182133927659,0.274922378615118,0.320902751196455
1242,0.32034682891392,0.280051942238175,0.30859318365196,0.353108642841737,0.301101950885261,0.330528884934998,0.275105828113648,0.321120156203705
1243,0.320709686622472,0.280182190380868,0.308725066304558,0.353305797050203,0.301273789290294,0.330874954793646,0.27527845530837,0.32134193759435
1244,0.321075069733997,0.280298253877206,0.308836415714046,0.35350951083169,0.301408293812348,0.331213571719703,0.275438318827988,0.321546014030695
1245,0.321423295186801,0.280429128789139,0.308968624391948,0.35368806920768,0.301570215150912,0.331556206696623,0.275612989225912,0.321766312315976
1246,0.321764159865239,0.280567417380357,0.309100082609879,0.353837269148512,0.301702298065538,0.331908440456967,0.275791652641728,0.321996464133474
1247,0.322096524980941,0.280696196575327,0.30923083490545,0.35400628934722,0.301863673501741,0.33224211316308,0.27596829340768,0.322227299832368
1248,0.322417542263207,0.28082401074037,0.309373512198767,0.354173833828997,0.302068509520151,0.33256319102282,0.276168308345382,0.322483807019897
1249,0.322733405641807,0.280951431363475,0.309506189827473,0.354341395061895,0.302243814732739,0.332886036263351,0.276323578818728,0.322686329572022
1250,0.323041785812427,0.281086297856271,0.309628998936231,0.354528406098854,0.302413184093878,0.333217131689161,0.276459441296704,0.322857416761218
1251,0.323343777181455,0.281199403549345,0.309752473198628,0.354692178348256,0.302568693727526,0.333514636457229,0.276583323942699,0.323045067915823
1252,0.323646965541787,0.281301108395537,0.309879767250667,0.354839677742491,0.302716182188489,0.33378365163889,0.276658044743893,0.323206717330338
1253,0.323929897671459,0.281405831217307,0.310005278504013,0.354983717536882,0.302857006843121,0.334068023509177,0.276772229325943,0.323375260560292
1254,0.324213873759743,0.281486712725833,0.310128094729478,0.355115087823401,0.302980860213462,0.334324574581925,0.276895802762087,0.323586349769902
1255,0.324465239026746,0.281577592448027,0.310243615211527,0.355243635636753,0.303104398545369,0.334605075211955,0.277028512416042,0.323747553937768
1256,0.324692493398201,0.281680801316342,0.310362014498742,0.355358064614564,0.30322402681921,0.334920068856723,0.277199834061567,0.323871943554839
1257,0.324894646138391,0.281786132562769,0.310464649600802,0.355490922702944,0.303340343719315,0.335224044166043,0.277335644690726,0.323983601210656
1258,0.325096773380371,0.28186019434682,0.310568151577347,0.355618517608439,0.303449085005628,0.33548322974137,0.277453019856768,0.324107263065393
1259,0.325271977929982,0.281941024343537,0.310676718193765,0.355745219006639,0.30354599492124,0.335758950370141,0.277547781420185,0.324229694317116
1260,0.325439732301072,0.282016297421941,0.310740092761647,0.355887234429867,0.303667554564025,0.336035113715865,0.277630059823369,0.32433989646437
1261,0.325605229294321,0.282074973837621,0.310804809847161,0.356001784092961,0.303765297976727,0.336279724547872,0.277736779861834,0.324430142702568
1262,0.325729524740969,0.28214351590505,0.310896355460418,0.356092865690549,0.303838554051728,0.336533906712026,0.277834877172286,0.324498492279723
1263,0.325831238190632,0.282207336873761,0.310955397527258,0.356181666640892,0.303942390821997,0.336777354365804,0.277920528005908,0.324547744980343
1264,0.325924896385469,0.282252268487422,0.311022041920971,0.356257608623766,0.304014689696087,0.337012774600844,0.277996885318812,0.324613921245489
1265,0.326010397928225,0.282278462995821,0.311114331248238,0.356308068682133,0.304056668534526,0.337231278468972,0.278047562913937,0.324711920757817
1266,0.326053362005682,0.282316679694226,0.311185337731595,0.356372013486871,0.304112768940261,0.337441358342955,0.278109363545829,0.324746282828693
1267,0.326080819521941,0.282348419590096,0.311235788890461,0.356434963380721,0.304165109933637,0.337652391555886,0.278186609856925,0.324750650218875
1268,0.326072006217366,0.28237559090247,0.311278290378985,0.356495333730796,0.304208762722825,0.337846370214757,0.278230726957238,0.324756364034495
1269,0.32601498681807,0.282412153851733,0.311330167397129,0.356559630675709,0.304256444427648,0.338015252200384,0.278252515792346,0.324729593431652
1270,0.325952730414803,0.282432246807938,0.311357859381172,0.356607815638968,0.304287556521146,0.338185587392673,0.278286513798428,0.324698133655465
1271,0.325875308419723,0.282435282890869,0.311355746190068,0.356649351371248,0.304313758672199,0.338344905403276,0.278307883986162,0.32468816424552
1272,0.325772923540264,0.282440972631078,0.311354649223018,0.356692302469818,0.304329325466574,0.338512545931584,0.278322240018016,0.324628228903232
1273,0.325661393304551,0.282457753899446,0.311346997500415,0.356741184580272,0.304339763977617,0.338680434242924,0.278343874785476,0.324524475305009
1274,0.325504276236863,0.282441353763239,0.311333547121391,0.356751087557344,0.304313048566611,0.338841135475697,0.278356002968242,0.324415979153882
1275,0.325313545019945,0.282405535956283,0.311308685434572,0.356731470641887,0.304259675924298,0.339026317781582,0.27836478535125,0.324273655586309
1276,0.325100257600174,0.282365257269735,0.311279348687179,0.356732075844856,0.304210649859289,0.339167918070914,0.278353065932043,0.324147562764662
1277,0.324855574974217,0.282297747684107,0.311239762671421,0.356717149466127,0.304133124552618,0.339273312426558,0.278331546928417,0.324052850939234
1278,0.324580955249919,0.282236729124817,0.311213521654247,0.356699084959847,0.304061881167011,0.339381609144171,0.278299044245434,0.323892442273203
1279,0.324288287942155,0.282184641368677,0.311204348058532,0.356713831659789,0.303999166204853,0.339472775423729,0.278249221155773,0.323707000362148
1280,0.323956871454662,0.282118648054188,0.311160127348132,0.356690488814307,0.303928913291316,0.339560382761392,0.278184324975398,0.323495219764407
1281,0.323585303179257,0.282016461480892,0.311123618227939,0.356630646107707,0.303843645954282,0.339633798061106,0.278096686548776,0.323241688488594
1282,0.323169269965152,0.281908660704849,0.311053314121482,0.356574359883239,0.303742340635222,0.339690722081857,0.278018865167619,0.322983706990929
1283,0.322722997258445,0.281799751127077,0.310943360517581,0.356483344509797,0.303621930375076,0.339756027374208,0.277928295785395,0.322757987771386
1284,0.322241362637426,0.281666196062675,0.310832900005036,0.356373558645799,0.303462739852178,0.339803188106607,0.277806316859607,0.322497764744844
1285,0.321715947634519,0.281532502361579,0.310693247284315,0.356249600619133,0.303279427632758,0.339808148084243,0.277665624373075,0.322191065019708
1286,0.321177187929839,0.281405923210887,0.310567408661447,0.35609732770495,0.303117052211612,0.339831775039687,0.277526119255194,0.321872980435248
1287,0.320599294485826,0.2812467975099,0.310421130395975,0.355977319657633,0.302938257859834,0.339835974100009,0.277387908006071,0.321532900578273
1288,0.319988944785022,0.281051068957975,0.310251158108269,0.355886642271109,0.302759195723182,0.339803638949788,0.277234926133981,0.321161371603982
1289,0.319338022779818,0.280869067916778,0.310079459715331,0.3557500136508,0.302549183858888,0.339776472887397,0.277070189062542,0.320775472320404
1290,0.318652429796484,0.280687827075777,0.309902082798989,0.355609695721561,0.302326352096694,0.339766708988813,0.276919872563754,0.320389053959985
1291,0.317924530948232,0.280479351186274,0.30971376450811,0.355450253533789,0.302083044357778,0.33971842279263,0.276737214662841,0.319943281647566
1292,0.317160280911137,0.28025678644973,0.309518186477713,0.355254336296987,0.301806451600577,0.339641419706985,0.276519555123511,0.3194480476671
1293,0.316345895462985,0.280035119328437,0.309316932294021,0.355060529348822,0.301539764109651,0.339560053183865,0.27630096834302,0.318943807661635
1294,0.31547724268685,0.279789989001613,0.309114078260209,0.354865384674234,0.301274884565783,0.339458572969918,0.276087246147658,0.318407501542953
1295,0.314582880039912,0.27954829762241,0.308886536688546,0.354656411963512,0.300979811670023,0.339359469891947,0.275840431674531,0.317848597726317
1296,0.313648435904051,0.279320687329722,0.308644448465034,0.354441924457401,0.300674005407451,0.339274991450887,0.275559596472914,0.317259196032444
1297,0.312668712953083,0.279064953949086,0.308389805556979,0.354195903010778,0.300346439441121,0.3391359206322,0.275277184529097,0.316667242342608
1298,0.311651397197361,0.278792124861838,0.308099673068507,0.353923706757663,0.299996496097979,0.338956948172578,0.274970726503105,0.316068581925692
1299,0.310597384473916,0.278509125475317,0.30782434289871,0.35365211573432,0.299620178912481,0.338790038300301,0.274661649178194,0.315418039834061
1300,0.309508639489046,0.278207663395191,0.30754696100512,0.353361507625206,0.299209046400412,0.338592998121001,0.27435953594564,0.314762482483085
1301,0.308353149647456,0.277902424658332,0.307265342102927,0.353056520270445,0.298804771228282,0.338389098384139,0.274036845797809,0.314050650415995
1302,0.307146082730068,0.277586746379215,0.306988470939162,0.352745809277908,0.298380965724974,0.33820291688951,0.273706576723491,0.313266156078416
1303,0.305894351157625,0.277260974244313,0.306716099614158,0.35243115847521,0.297958479221375,0.337989008024086,0.273340497057644,0.312464003831863
1304,0.304594425132705,0.276944724439969,0.306405081513717,0.352077896614739,0.297538291429807,0.337743184260238,0.272982978684509,0.311668677374851
1305,0.303235452280865,0.276592605218034,0.306059959002103,0.351693099213497,0.297073246530555,0.337481020891602,0.272607559442105,0.310838587960639
1306,0.301839522811357,0.276218760170154,0.305689717251535,0.351317919258727,0.296583872206061,0.337175024843647,0.272218521966435,0.309991544518203
1307,0.300404068931235,0.275851946896458,0.305320312075861,0.350934441800968,0.296048723560078,0.336851558300979,0.271816169995441,0.309097890135654
1308,0.298920441925837,0.27547024021524,0.304946164575908,0.350541168801079,0.295498164484542,0.336497835754566,0.271387024066118,0.308148729856079
1309,0.297374625886438,0.275073058437929,0.304572630546335,0.350131695664619,0.294967513303524,0.336111302200797,0.270924276963606,0.307164721800651
1310,0.295775056846578,0.274666156359261,0.304174984016644,0.349688195003689,0.294381994876196,0.335709697634084,0.270425430837331,0.306126817375001
1311,0.294150678255068,0.27423876645001,0.303721294868422,0.349235831693267,0.293777244912339,0.335303561984117,0.269936374786208,0.305076818036537
1312,0.292473009626888,0.273800572521538,0.30327233575149,0.348756948609191,0.293169166813474,0.334876343307362,0.26944443752292,0.303985232258844
1313,0.290737280895125,0.273344060612032,0.302795651799144,0.348252397980617,0.292546601911774,0.334424829319315,0.268961516032137,0.30284464670777
1314,0.288964404806812,0.2728737140023,0.302324172417097,0.347737176050028,0.291882371223913,0.333957133205861,0.268416930582048,0.301690465596125
1315,0.287156332908894,0.272394068705639,0.301865335130147,0.347210925124535,0.291193794744156,0.333485441844002,0.2678635276614,0.300532629318705
1316,0.285295949695411,0.271897951372929,0.301369663930303,0.346653036729764,0.290510341492163,0.332973766931399,0.267271981330813,0.299296585767334
1317,0.283391150960883,0.271382593990309,0.30086195255431,0.346066515859361,0.289817708436001,0.332434783745183,0.266603431476719,0.297995727273961
1318,0.281438929526506,0.270847309252073,0.300317781643875,0.345471812062769,0.289067384626211,0.33186707918051,0.265969271125383,0.296711000709826
1319,0.279437326307726,0.270301687964132,0.299722376747539,0.34485519648682,0.288309063491432,0.331268638433575,0.265362664938905,0.295386698159651
1320,0.277411554830585,0.269740033939176,0.299149396542579,0.344225248103738,0.287522617472643,0.330656088583828,0.264694273905327,0.29405423767332
1321,0.275340240100103,0.269157708899195,0.298569798734773,0.343608112204348,0.286660799963613,0.33001507163101,0.263993734531405,0.29276780769884
1322,0.273235033241506,0.26856062063723,0.297978116629701,0.342934150262407,0.285803786367102,0.32936084293857,0.263292573279256,0.291377486550343
1323,0.271079239161894,0.267953761710967,0.29741844301166,0.342213780419374,0.284964359336212,0.32870641105349,0.262552593133159,0.289904885401093
1324,0.268941629289616,0.267323030134509,0.296791186607372,0.341488573149146,0.284090974407624,0.328000803046587,0.261808978434939,0.288432817373166
1325,0.266814635204308,0.26667449185329,0.296115010893354,0.340729994460347,0.283183171657589,0.327253884818371,0.26109948745645,0.286902473279485
1326,0.264632783854726,0.266004757365406,0.295436983781092,0.339964215783422,0.282266377792099,0.32650057700152,0.260325592693294,0.285385429472636
1327,0.262431357459533,0.265303719395001,0.29473039792937,0.339200124122097,0.281352925199532,0.325714869840051,0.259499515825508,0.283884248297398
1328,0.260217391086021,0.2646117179143,0.293993829047019,0.338406155762933,0.280382411644051,0.324925820476559,0.25866874166859,0.282344377742641
1329,0.25797270482015,0.263906773684489,0.293287126375452,0.337587829043777,0.279394539424998,0.324114350120993,0.257824145612687,0.280766153182606
1330,0.255727130191172,0.263188647856563,0.292573374957612,0.336752203931543,0.278414892768349,0.323272691397268,0.256953929797985,0.279195193727317
1331,0.253521371480819,0.262488732349253,0.291824301550833,0.335910028787287,0.277432482364629,0.322396191487318,0.25611682627213,0.277622220013193
1332,0.251326448023411,0.261764894458333,0.291065509158769,0.335071477504343,0.276454808292286,0.321513363507323,0.255287729785696,0.276029715768771
1333,0.249124450927147,0.261027482466204,0.290298913140331,0.334240688268323,0.275474791445015,0.320668709940273,0.254455528160525,0.274457381318251
1334,0.246904666882736,0.260282335996486,0.289529162093741,0.333359400526734,0.274454696799365,0.319820310155801,0.25360890439363,0.27289676176802
1335,0.244694954459756,0.259523404436944,0.288764625051994,0.332432783367309,0.273420683132324,0.318937475665954,0.252726240098539,0.271294647697729
1336,0.242525999940829,0.258773432414191,0.288007062981705,0.331521201828741,0.272396516635337,0.318044819107869,0.251853351882331,0.269699665724343
1337,0.240386670620292,0.258005739619002,0.287233508072547,0.330613429156962,0.271369883616564,0.317136530804887,0.250987059638549,0.268125145767903
1338,0.238288395100175,0.257238556415276,0.286457733156902,0.329719905104977,0.270364987342798,0.316215943861357,0.250134002606545,0.266561010493632
1339,0.23621834330347,0.256482798301954,0.285682576637892,0.328822449941368,0.269351939547725,0.31531952524915,0.24928111610485,0.265031620768981
1340,0.234185353213612,0.255727935808779,0.284904655634076,0.327955567661265,0.268339539051144,0.31446369889341,0.248447503874364,0.263538415344371
1341,0.232188537558107,0.254972573421595,0.284128949259975,0.327061820154739,0.267328391926451,0.313569618291927,0.247602997390436,0.262048689345794
1342,0.230220565019053,0.254232088094498,0.283361968946186,0.326135076663798,0.266307961666918,0.312665233086731,0.246761135350903,0.260584128392223
1343,0.228292111583354,0.253483926714546,0.282583145052014,0.325240429348897,0.265306727415479,0.311751423788317,0.245903381913439,0.259125173321139
1344,0.22640727504266,0.252721530157663,0.281788269034153,0.324360338271996,0.264318921598382,0.3108084875338,0.245028839405705,0.257667570110372
1345,0.224566547696057,0.251976761898466,0.28101781113994,0.323485806013556,0.263341425603658,0.309899530860595,0.244193674359843,0.256245816089581
1346,0.222763774981863,0.251248205879368,0.280267954183538,0.322625623104282,0.262370691165258,0.308993217539024,0.243356412918226,0.254852494199653
1347,0.220990536874678,0.250506290837809,0.279485525759806,0.321757699578423,0.261423142832334,0.308106789446526,0.2425314360643,0.253459386756754
1348,0.219259621388631,0.249766476624135,0.278688005308777,0.320907269971107,0.260499078003367,0.307241658324937,0.241749935931982,0.252072427657859
1349,0.217560620599963,0.249028094466046,0.277922593098503,0.320032416718017,0.259558581151605,0.306381406505556,0.240945667721747,0.250726451828452
1350,0.215909314223979,0.248281398790449,0.277155081192911,0.319140685429314,0.258634319684458,0.3055626365886,0.240120698825873,0.249412365352118
1351,0.214258297367124,0.247538278004117,0.276381350308693,0.31824894152748,0.257699903025514,0.304693666987114,0.239311549984805,0.248096910828484
1352,0.212640452616369,0.246811051706434,0.275642941999085,0.317338911244973,0.256754794208656,0.303792866214361,0.238525428982331,0.246827877333328
1353,0.211030053999682,0.246064204834869,0.274883151318964,0.316439464162597,0.255811634632423,0.302924385206433,0.237724694998194,0.245526185968856
1354,0.209430732829363,0.245305106797083,0.2741120658589,0.315533488564716,0.254875422895493,0.302051708961659,0.236929043313486,0.24421262488187
1355,0.207834784076298,0.244550985451145,0.27331007932438,0.314659447496585,0.253928603938752,0.301156425037889,0.236113708223417,0.242885621645623
1356,0.206252762891835,0.24378609616356,0.272512544522843,0.313781273518313,0.25297109717303,0.300314218794849,0.235286273288306,0.24154942384285
1357,0.204664775301172,0.243007077443822,0.271708182005587,0.312878649037902,0.251993864333656,0.299453944290776,0.234442712417259,0.240230143577964
1358,0.203033675857862,0.242239174035575,0.270866148452961,0.31196334528285,0.25099367813104,0.298561768214459,0.233591985117346,0.238915394428979
1359,0.201354924530959,0.241454742691368,0.270021021250866,0.311005858972478,0.249994072749089,0.297625415057291,0.232739002228995,0.237568174242823
1360,0.199636750952053,0.240628926245967,0.269176884895188,0.310021760908394,0.248961052420998,0.296625380498915,0.231870389791155,0.23617971805525
1361,0.197892808467704,0.239776808104542,0.268295695159547,0.309043400708626,0.247897641998961,0.295643760338783,0.230947700458416,0.234765588512563
1362,0.196115877243458,0.238895521577194,0.267369037829373,0.30803931212712,0.246802287773389,0.294629611397076,0.229977426868836,0.233275777238762
1363,0.194282238568038,0.237995176583205,0.26642279626876,0.306984400074825,0.245654557865279,0.293587619576287,0.22897505676957,0.23170576549214
1364,0.192373819967121,0.237057499837036,0.265413886453777,0.305864989923523,0.244468697351645,0.292560277615441,0.227889181546248,0.230106658323651
1365,0.19036489409801,0.236065910640197,0.264316937632791,0.304701398359297,0.243231600828854,0.291462296909445,0.226764200886261,0.228427946354244
1366,0.188254867753343,0.235009743479236,0.263205945126976,0.303468230746429,0.241906496753096,0.290276352454667,0.22559236567452,0.226654382655838
1367,0.186061567787081,0.233907954231399,0.262088632302168,0.302182504691712,0.240542188051597,0.289039939908272,0.224385251039921,0.224840747059655
1368,0.18373953090343,0.232706348444876,0.26084786010051,0.300804757626389,0.239045807668114,0.287699825748022,0.223084766953405,0.222867650019937
1369,0.181340193406692,0.231449061230135,0.259575771445504,0.299393512627793,0.237465224098031,0.286287752278234,0.221770952431597,0.220793436107223
1370,0.178779900354349,0.230099723285126,0.258175148100323,0.297829530915073,0.235770210969085,0.284763104929049,0.220286495717047,0.218587357709354
1371,0.176106325352492,0.228684416688337,0.256677065099676,0.296188561327603,0.234008080877826,0.283170986030727,0.218704569026658,0.216278747233631
1372,0.173260938969396,0.227136892291593,0.255044118173612,0.294389934407224,0.232063565191118,0.281432335242457,0.216990428488656,0.21379769166266
1373,0.17026080117163,0.225507553402857,0.253324044888154,0.292469963345382,0.22998997216608,0.279596776246711,0.215148869619825,0.211192314395213
1374,0.167132795873612,0.223744720649945,0.251460271240022,0.290398330185748,0.22778160503125,0.277596843012468,0.213196160618652,0.208418115165412
1375,0.163870826721303,0.221878518653686,0.249488039191509,0.288222261577415,0.225455524975952,0.275491098696131,0.21116635977276,0.205501010381854
1376,0.160447368534312,0.219855778906962,0.247346623358705,0.2858353371618,0.222929433455981,0.27318689965489,0.208944780155175,0.202394386469714
1377,0.156867844942756,0.217716218935531,0.245075905136746,0.283295092013353,0.220259538183632,0.270718990526963,0.206589274719105,0.199117392432158
1378,0.153170878021175,0.215431201919199,0.242638670494049,0.280571731531758,0.217423442421451,0.268089622542327,0.204060908352318,0.195686182745037
1379,0.149308594156857,0.212998347593975,0.240063252021502,0.277676806695658,0.214401790291149,0.265317915881591,0.20135879385534,0.19206839273168
1380,0.145352595184719,0.210426297061382,0.237292107753129,0.274578288019425,0.211215015486897,0.262334533330849,0.198517870570324,0.188316627505988
1381,0.141249938139538,0.207713205042966,0.234338983424572,0.271290964951437,0.207852521429393,0.259166415039273,0.195523716479195,0.184396075398135
1382,0.137117802329221,0.204885823788256,0.231252570025281,0.267842784167576,0.204389616459547,0.255841627714539,0.192397230991448,0.180386965119917
1383,0.132904532287537,0.201937443585499,0.228011171570668,0.264224156610192,0.200797473489982,0.252346798378544,0.189142049876521,0.176260161850869
1384,0.128600841786456,0.198845500723577,0.224598304635631,0.2604113038908,0.197034408796713,0.24865758418896,0.185719654161474,0.172000699368733
1385,0.1242677578399,0.195626925301926,0.221037358149782,0.256434227595996,0.193147150628439,0.244821092982952,0.182178906651727,0.167632338344684
1386,0.119979863727812,0.192340298249043,0.217409430992694,0.252324638438347,0.189192899793441,0.240877951214522,0.178583783040803,0.163232892951003
1387,0.115711387791739,0.188957223799286,0.213647382433184,0.248085040318229,0.185098777290994,0.236814651099558,0.174913747852102,0.158808536185837
1388,0.111504336782889,0.18549610917184,0.209775719338378,0.24372391379892,0.180940161916987,0.232637062163517,0.171176574636295,0.154370073023915
1389,0.107390730809443,0.181990181739592,0.205853774614485,0.239267830454796,0.176778528249523,0.22836584476405,0.167381311182301,0.14997312694579
1390,0.103328153575421,0.178411490795535,0.201828557970565,0.234714927587713,0.172543476884461,0.224031531930307,0.163517735485363,0.145601721771672
1391,0.0993583237572866,0.174815013633716,0.197771795247263,0.230075744919433,0.168285811139611,0.219636977760315,0.15963892560457,0.141257102839096
1392,0.0955154606778471,0.171215691610205,0.193722082411382,0.225378830291289,0.164055270633836,0.215185700080672,0.15574605217206,0.136973349250276
1393,0.0918133945081034,0.167617514756497,0.189627170834979,0.220648252669538,0.159848636967455,0.210714742561766,0.151870269863083,0.132756294149032
1394,0.088294999176639,0.16408101688695,0.185564865983044,0.215953115221976,0.1557193711981,0.206267178074188,0.148092931681528,0.128686997461589
1395,0.0849288827010321,0.160585266473499,0.181548201966741,0.21130345245605,0.151701012085018,0.201869280765634,0.1443861843978,0.124762773829653
1396,0.081700187592116,0.157123952279455,0.177527763660411,0.206660147189517,0.147743925676961,0.197485221612726,0.14072319891611,0.120924618939269
1397,0.0786445384854641,0.153749254383651,0.173587991231241,0.202083346515151,0.143874060159285,0.193181128417594,0.137151550209959,0.117256527190899
1398,0.0757735643654533,0.150467997108761,0.169765548266846,0.197588815785667,0.140139164161519,0.188964522082384,0.133676726733336,0.113764304800739
1399,0.073078298662903,0.147311613830129,0.166077433130819,0.193238711760997,0.136550950609438,0.184876584811631,0.130346078063011,0.110431406613771
1400,0.0705672130828651,0.144248372389211,0.162482224168884,0.188966883490036,0.133063184866994,0.180867246537944,0.127111437578035,0.107240508515073
1401,0.0682029686804586,0.14129834709076,0.159005947751284,0.184846994205115,0.129737792800495,0.176990692191704,0.12402452579622,0.104229906808452
1402,0.0660181029816154,0.138462786402048,0.155668761498163,0.180860068805977,0.126561865816573,0.17322955513658,0.12107817814816,0.101391946637251
1403,0.0639599459290493,0.135744611280496,0.152441609692116,0.177025431426033,0.123544449373873,0.169617705470038,0.118268478109977,0.0987098515772689
1404,0.0620508603367003,0.133115675207715,0.149279662909599,0.173290185668374,0.120664208122572,0.166093880077061,0.115570384431556,0.0961919562483046
1405,0.0602661194966526,0.13062679418612,0.14629825109741,0.169744671379768,0.117929177937143,0.162739748397584,0.11302161589328,0.0938204666113721
1406,0.0586278375781484,0.128269443037425,0.143457482451745,0.166369292632727,0.115360650121469,0.159556900845067,0.110628662904387,0.0916177907222326
1407,0.0570953204414726,0.126031895986783,0.140766058598206,0.163146979215119,0.112922525863314,0.1565053199187,0.108354562036847,0.0895389842968155
1408,0.0557055496761358,0.12391611470506,0.138233326616983,0.160089254454355,0.110618706832551,0.153582027565947,0.106217214612415,0.0876061823494656
1409,0.0543915326252512,0.121902275338736,0.135808643883531,0.157151772743992,0.108431150904924,0.150800245248031,0.104186590322588,0.0857876873010999
1410,0.0531867256109639,0.120002459834689,0.133514463675717,0.154350021727286,0.106383784075895,0.148157999102284,0.102276755050178,0.0841117541658877
1411,0.0520623927858398,0.118223353067996,0.131363311547838,0.151717651122046,0.104466649620185,0.145658064884903,0.100478934020633,0.0825329970760014
1412,0.0510300692400567,0.116566933447281,0.129339156738245,0.149227420075667,0.102668906844667,0.143314472821772,0.0987894466649634,0.081078472950616
1413,0.0500669743521389,0.114995573020406,0.127433034801164,0.146878082258663,0.100983313520718,0.141073800153429,0.0972096404225818,0.0797014985371084
1414,0.0492056071632174,0.113539295595136,0.125673373530453,0.144699087262937,0.0994501271306069,0.138947470694448,0.0957803226225381,0.0784285737010219
1415,0.0483877655425032,0.112162491423465,0.124003040157647,0.142628894627171,0.0979792554820405,0.13696019420504,0.0944046554128626,0.0772390651185981
1416,0.0476360386025059,0.110868915441008,0.122444802328384,0.140673194375022,0.0965918425057026,0.135104031061912,0.0931142213183793,0.0761397581256124
1417,0.0469341038929478,0.10966161519059,0.120976655212015,0.138861260012375,0.095311796163935,0.133338943150233,0.0918940002674833,0.0751134796116065
1418,0.0462774249428419,0.108535458821691,0.119579893243093,0.137171341517779,0.0940977518644275,0.131697037016333,0.090767751210092,0.0741798644204627
1419,0.0456731989162926,0.107500125677464,0.118312288439531,0.135580642221917,0.0929866831730839,0.130197263642201,0.0896996585715972,0.0733020354861782
1420,0.0451129914190851,0.106529648315616,0.117087456374251,0.134074643067898,0.0919621128160725,0.12875676212854,0.0886999383481269,0.0724902867691478
1421,0.0445890443867595,0.105611346208432,0.115914902271836,0.132637808911447,0.0909858560926589,0.127388443612509,0.0877872353774694,0.0717464891591113
1422,0.0441088238838572,0.104759503214494,0.114854162571271,0.131277322078499,0.0900791279914039,0.126116620032655,0.0869298289038796,0.0710148234420274
1423,0.0436556085547262,0.103960813864867,0.11384474709883,0.130012156829996,0.0892085611370568,0.1249204609091,0.0861130390700739,0.0703256812069273
1424,0.0432363197200937,0.103202099663953,0.112919233032033,0.128840889628684,0.0883857796266348,0.123792618737056,0.0853667326518937,0.0697160912960816
1425,0.0428533110862491,0.10248773292398,0.112077745734727,0.1277432931003,0.0876318820901446,0.122718400422582,0.0846732985941263,0.0691342201798006
1426,0.0424885820404379,0.101808660559004,0.111241394657673,0.126700055907371,0.0869067678673896,0.121727668465278,0.084010655553799,0.0685867263765491
1427,0.0421482644716566,0.101169886842706,0.110462566303254,0.125705419196287,0.0862410917275347,0.120807685078629,0.0833797683411877,0.0681020951843451
1428,0.0418241590678629,0.100581463581408,0.10975500535226,0.124765982535253,0.0856248846060968,0.11991377787321,0.0827894485859875,0.0676233586729233
1429,0.0415107695705079,0.100028471703271,0.109066956183659,0.123885598110623,0.0850288149574601,0.119084556098381,0.0822307581458585,0.0671605982933965
1430,0.041228747947587,0.0995196492622128,0.108437225679891,0.123073736192729,0.0844887726707396,0.118301288337022,0.0817072027728535,0.0667642699310124
1431,0.0409737652563436,0.0990392658396746,0.107857403247578,0.122320500955403,0.0839864958386727,0.117550679051025,0.0812428109647889,0.0663957328080937
1432,0.0407416932588008,0.0985764928193421,0.107299780741223,0.12161642472453,0.0835111096524322,0.116886879867104,0.0808006697040866,0.0660528801849599
1433,0.0405323151188208,0.0981466249868866,0.106773051709336,0.12096704469305,0.0830694170386327,0.116276581728761,0.0803722837806762,0.0657343411761771
1434,0.0403327025039409,0.0977551676276612,0.106292559250607,0.120364251235203,0.0826656941852267,0.115708455126849,0.0799804777954222,0.0654318019231648
1435,0.0401466771346959,0.0974029809442727,0.105870291196604,0.119810391027373,0.082301414070453,0.115200663049457,0.0796140758169546,0.0651538804939113
1436,0.0399763619581156,0.0970730611929362,0.105462989821569,0.119311892290461,0.0819620210786496,0.114715502952663,0.0792846921579051,0.0648973942026545
1437,0.0398225153076259,0.0967755165406246,0.105073650285452,0.118869066639993,0.0816631812292606,0.114265072502575,0.0789879572664854,0.0646469464213955
1438,0.0396805242436106,0.096498695302542,0.104736633544141,0.118451898623313,0.0813801421359073,0.113861765688034,0.0787209670447647,0.0644387768758382
1439,0.0395526571159144,0.0962411077577246,0.104440000586471,0.118091234432682,0.0811217741586321,0.113495027070361,0.0784966348082397,0.0642666293786681
1440,0.0394386442576594,0.0960122147406259,0.104166409482617,0.117732264433309,0.0808827377406641,0.113168156293094,0.078273985798636,0.0641031377223066
1441,0.0393407851472654,0.0958167415251492,0.103928826571342,0.117389200635073,0.0806566211793415,0.112897399276112,0.0780706194847821,0.0639687429898271
1442,0.039244841937114,0.0956409649202017,0.103727213521259,0.117093025740944,0.0804617098783569,0.112626348093702,0.077892203119863,0.0638485917904603
1443,0.039157210811654,0.0954961388245381,0.103569859072327,0.116826129280397,0.0802965298478697,0.11237020153377,0.0777299250568377,0.063741984125938
1444,0.039085264583472,0.0953529238129406,0.103408854831819,0.116592394362664,0.0801529576271668,0.112167920539781,0.0775866499514338,0.0636504515924382
1445,0.039020207705914,0.095219581467126,0.103282531363853,0.116396571845056,0.0800387448058329,0.111991231556603,0.077475070467825,0.0635886327011556
1446,0.0389662037735818,0.0951113277589698,0.103154529182366,0.116227590245228,0.0799376616253115,0.111849597336778,0.0773627362833817,0.063521788157387
1447,0.0389306175891253,0.0950131785350949,0.103002159232806,0.116081570061559,0.0798568952359037,0.111779906766058,0.0772492858133387,0.0634506483493818
1448,0.0389000273209978,0.0949399388188949,0.102901997255741,0.11596693443994,0.0797874694418233,0.111680984758077,0.0771681332171998,0.0634085723021015
1449,0.0388777266175011,0.0948977856277451,0.102830591226989,0.11589948445691,0.0797344202442764,0.111571279711558,0.0771009782122664,0.0633802336498209
1450,0.0388593099716092,0.0948649106189911,0.102790259067418,0.115835651761537,0.0797024759010144,0.111505010837713,0.0770620186590523,0.0633613105575637
1451,0.0388474105386644,0.0948471693636566,0.102800136443303,0.11577990818437,0.0796890014510672,0.111457840716282,0.0770673834876726,0.0633654520353361
1452,0.0388440820504305,0.0948441631193108,0.102805231206256,0.115763995699918,0.079680554951361,0.111428350734031,0.0770630712752186,0.0633782618225839
1453,0.0388426416665942,0.0948585318404859,0.102811546646952,0.115780463373375,0.0796832213172719,0.111415819042556,0.0770588266656912,0.0633916756973256
1454,0.0388536669454042,0.0948837947003699,0.102854873286813,0.115811043265842,0.0797051141822208,0.111438362418637,0.0770792359724446,0.06342858663485
1455,0.0388740755653475,0.0949143630441086,0.102921306936083,0.11586876396074,0.0797306456850906,0.111489402079647,0.0771027481163452,0.0634913220282908
1456,0.0389069188925486,0.0949726464776265,0.103000396968457,0.115946336271616,0.0797863795787795,0.111549562335861,0.0771527306148983,0.0635515993195549
1457,0.038961070114848,0.0950546355862977,0.103095299804414,0.116043596855242,0.0798876718561673,0.1116277125416,0.0772505465814966,0.0636282124670961
1458,0.0390226532789173,0.0951565749549729,0.103227433363277,0.116152533207393,0.0799999233367081,0.111747446231861,0.0773632414301673,0.0637186380099572
1459,0.0390883752124647,0.0952963920213,0.103369799360468,0.116312605726874,0.0801094504284729,0.111847968438058,0.077467920634554,0.0638136865420347
1460,0.0391718611753259,0.0954524891533436,0.103541076430154,0.116513743125408,0.0802499312146533,0.111976653390328,0.0776051746383414,0.0639600905005108
1461,0.0392569091918387,0.0956201374,0.103750485497653,0.116731823606471,0.0804199099055368,0.112174899013197,0.0777807720574823,0.06413706323096
1462,0.0393571312710467,0.0958269746968138,0.103986355487105,0.116983762245643,0.0806128211633612,0.112404197159209,0.0779618286424393,0.0643084009981536
1463,0.0394941373853802,0.0960666602709739,0.104269311640213,0.11727235518352,0.0808584390584915,0.112673146341879,0.0781926627347681,0.0645163363722482
1464,0.0396491589140829,0.0963310441872593,0.104581302824103,0.117606344710628,0.0811463592234856,0.1129636446507,0.0784689316763714,0.0647502249951392
1465,0.0398170158633477,0.0966188623515384,0.104935976226309,0.117991490419852,0.0814259638552048,0.113272308939964,0.0787344988250244,0.0649944596842959
1466,0.03999727693728,0.096935837393007,0.105338255832629,0.118431646742924,0.0817384863148747,0.113616771513574,0.0790328796942793,0.0652818729753494
1467,0.0401813923139796,0.0972786131097548,0.105737564554351,0.118898638745431,0.0821112501268022,0.113987218042891,0.0793732430842673,0.0655929829081858
1468,0.0403847127690595,0.0976387854769509,0.106163961109577,0.119389666615183,0.0824858357293476,0.114397023266261,0.0797113301857627,0.065915444884903
1469,0.0405958260144929,0.0980234451766855,0.10664563540243,0.11992535129963,0.0828756007233132,0.114834735340338,0.0800738244551816,0.0662536450050183
1470,0.0408129660887052,0.0984403283029398,0.107153993783648,0.120481443115197,0.0833165134682642,0.115293672920719,0.0804941929653473,0.0666055974966488
1471,0.0410630764369526,0.0988858672770162,0.107702634305735,0.121066771916654,0.0837600473060856,0.115799414917038,0.0809412393298115,0.0669895045574952
1472,0.0413172985658653,0.0993500101996195,0.108286391545126,0.121687388422804,0.0842168981821624,0.116332277834312,0.0814032010021146,0.0673871959712876
1473,0.0415749809067916,0.0998379176296654,0.108872252522974,0.122340348934704,0.0847366109131601,0.116875734526194,0.0818795607690691,0.0677990576609834
1474,0.0418604545455473,0.10034515554271,0.109479666494495,0.12301248543438,0.0852720137203465,0.117459450583317,0.0823420632188533,0.0682509756936668
1475,0.0421587389534034,0.100869481423496,0.110110758599237,0.123711922815665,0.0857984691750818,0.118064335495199,0.0828135384954577,0.0687126949804927
1476,0.0424651851079326,0.101413760833211,0.110763078923935,0.124466617621569,0.0863614998743636,0.1186885120722,0.0833259061093911,0.0691834648087639
1477,0.042779397678956,0.101968862806284,0.111439027406999,0.125227210409576,0.0869436026271982,0.119339761223273,0.0838749549975251,0.0696740233664373
1478,0.0431094197774713,0.102547091556895,0.112136058135487,0.12600653195595,0.0875375135453463,0.120015214474522,0.0844795413143944,0.0701854562915324
1479,0.0434520641526615,0.103139407788569,0.112865149005964,0.126814251559009,0.0881460809655945,0.120716072980849,0.0850739280209506,0.070710491431452
1480,0.043799540720093,0.103733331329544,0.113633336803199,0.127644756731726,0.0887846293751272,0.121454851143143,0.0856919141394622,0.0712518275953879
1481,0.0441557891904742,0.104358402467625,0.11439200205495,0.128493346856496,0.0894349200550339,0.122190585823074,0.0863107475984872,0.0718017088876973
1482,0.0445348291460092,0.105019529443979,0.115170250124451,0.129376988134,0.0900890563672303,0.122943065189603,0.0869248542492191,0.0723710060100861
1483,0.0449136832878513,0.105674698507298,0.115961406298235,0.130260550544564,0.0907745568319893,0.123709192937896,0.0875685111672019,0.0729414193868779
1484,0.0452929367576418,0.106346814258332,0.116755181189484,0.131152022469767,0.0915043471862547,0.124475575384256,0.0882437622582709,0.0735160908496941
1485,0.045680178912732,0.107021523062834,0.117559049590433,0.132070537541123,0.0922131481675171,0.125269914843009,0.0889126435666082,0.0741074717616347
1486,0.0460701989303337,0.107692394488694,0.118373520527799,0.133001342247404,0.0929180375886384,0.126098986455008,0.089589263363632,0.0747026272352061
1487,0.0464782524368491,0.108383185035494,0.119215216632275,0.133950931437657,0.0936415481292859,0.126924361067958,0.0902783086510533,0.0753227810790215
1488,0.0468957438954332,0.109089936306585,0.1200716970307,0.134944525386865,0.0943680686313701,0.127762105448317,0.0909694025520709,0.0759733918540672
1489,0.0473220098101882,0.109805681056397,0.12094083911862,0.135921245810213,0.0951067792883198,0.128609500051745,0.091668776166182,0.0766108310498226
1490,0.0477721357540626,0.110537072545249,0.121850335385174,0.136893170213267,0.0958664122937534,0.129453516555397,0.092385001242067,0.0772506358825194
1491,0.0482194393748914,0.111273489764464,0.122740385405889,0.137879047120493,0.0966348270250347,0.130322586954503,0.0931099807562076,0.0779125417377383
1492,0.0486647298186634,0.112017537846511,0.123621489726152,0.138859581315339,0.0974088595885732,0.13121497932963,0.0938462288231037,0.0785880902830073
1493,0.0491198176380207,0.112765106839142,0.124508753621766,0.139863815894794,0.0981915492506804,0.13210753395083,0.0945784801467668,0.0792510415781085
1494,0.049581078418524,0.113519450307848,0.125392263357649,0.140900859212144,0.0989844012151191,0.133019204430757,0.0953087325797165,0.0799187700192356
1495,0.0500511811509155,0.11428282529563,0.126303023543527,0.141927789704965,0.0997900650300579,0.133938109561545,0.0960556261705867,0.0806046191324844
1496,0.0505307683241911,0.115055815311609,0.127238372457865,0.142958107473807,0.100618282024697,0.134863260538504,0.0968017243054838,0.0812854303214174
1497,0.0510133042807522,0.115830887663944,0.128156321796033,0.143992925859082,0.1014267552007,0.135782041520896,0.0975705139719725,0.0819786813304164
1498,0.051503906235879,0.116614436082812,0.129068824700395,0.145022276247155,0.102229132842713,0.13670701947383,0.0983763470264147,0.0826934398047202
1499,0.0520005379937878,0.117400362858853,0.130005305626067,0.146064930764884,0.103052195851657,0.137634718388631,0.0991654614550852,0.0834173794353095
1500,0.0524943890309515,0.118191411030937,0.130950754440801,0.147127033180025,0.103858091908306,0.138553068980293,0.0999571632870233,0.084147174044379
1501,0.0530080137227478,0.118980731402854,0.131884487458226,0.148191935283679,0.104699365052534,0.139497337125072,0.10075164639877,0.0848751657966241
1502,0.0535415218326926,0.11976846804559,0.132836252108237,0.149257264371813,0.105590557802227,0.140458836488687,0.101523427140762,0.0856200745961318
1503,0.0540706563479352,0.120560952270887,0.133783151257817,0.150329388057712,0.106458425168583,0.141414449637372,0.102329691435568,0.0863697278955072
1504,0.0546133641848533,0.121355924600279,0.134701495003376,0.151419953438864,0.107335289624074,0.142390534657394,0.103171464496784,0.0871105511970989
1505,0.0551482778379356,0.122153907609473,0.135646369494086,0.152492700413242,0.108200011632695,0.143350251042616,0.103990079689379,0.0878598066372327
1506,0.0556724407602904,0.12296051260883,0.136631080185345,0.153550428263436,0.109038078737321,0.144295935293086,0.104824417264225,0.0886255522106737
1507,0.0562114497227057,0.123767469908509,0.137590383087867,0.154629945202873,0.109904999548805,0.145261395987966,0.105649655561614,0.0893932164692041
1508,0.0567509212480451,0.124579616174271,0.138546129163645,0.155720945112482,0.110783918000066,0.146235417711833,0.106464529248977,0.0901623263697705
1509,0.0573073810842993,0.125380210257504,0.139487681018699,0.156798025590241,0.111666697217401,0.147191984817847,0.107260919173422,0.0909342781132762
1510,0.0578711317161123,0.126185650050561,0.14042215473503,0.157884756462573,0.11255461424068,0.148169578024672,0.108064563810123,0.0917132968718006
1511,0.0584394882556487,0.12698691007183,0.141360096455707,0.158966071551634,0.113423574455661,0.149138334300554,0.108883891603752,0.0924853818904537
1512,0.0590160779136076,0.127798011913465,0.142318158402612,0.160015738957063,0.114293161758015,0.150095046492396,0.109713223197873,0.0932497571075517
1513,0.0595916626896779,0.128613874480691,0.14329794470522,0.161086707314526,0.115173037775308,0.151046552263247,0.110549353277685,0.0940308340754816
1514,0.0601795855643943,0.129423840542772,0.144268729502707,0.162175127414238,0.11604763583489,0.151997573597133,0.111382746562117,0.0948181632643059
1515,0.0607675960574815,0.130238210871703,0.145223247698209,0.163261815959884,0.116930772289717,0.152945081264507,0.112196240922654,0.0955977533666032
1516,0.0613588195191238,0.13103745545162,0.146176918195026,0.164342014561646,0.11782479345843,0.153881830293466,0.113017999855937,0.0963857829243789
1517,0.0619511802081438,0.131830520135387,0.14712010501174,0.165393804138918,0.118692700877935,0.154816759673249,0.113846653235525,0.0971676996235109
1518,0.0625318401432961,0.132629634025739,0.148067324510464,0.166423777728072,0.119549248500464,0.155738043087638,0.114679380029519,0.0979541947807706
1519,0.0631217142641111,0.133425662676859,0.149023548486878,0.167458409136608,0.120453294311705,0.156652940499826,0.115525083710137,0.098763699256092
1520,0.0637218626433814,0.134222457665238,0.149972653854215,0.168515216061315,0.121363285289346,0.157582683207279,0.116347781703373,0.0995663202114704
1521,0.064323528044282,0.135015219963512,0.150914231032245,0.169559764660582,0.122246084763962,0.158512865513593,0.1171635617134,0.100361214925871
1522,0.064935729697486,0.135813343444146,0.151851344391216,0.170578754671622,0.123138672435133,0.159425095881447,0.117987476723297,0.101155506473365
1523,0.0655541227120763,0.136616914788645,0.152776224015341,0.171594535660766,0.124026835138901,0.160343432929868,0.11880061698539,0.101940908843527
1524,0.0661641914904608,0.137402119919788,0.153695368529441,0.172611774909331,0.124877081561772,0.161254289395976,0.119613679756945,0.102738871019668
1525,0.0667816398376119,0.13819036077771,0.154609157139411,0.173626783389268,0.125726761302013,0.162145479383831,0.120418855038905,0.10355485818097
1526,0.0674100283947701,0.138973504364489,0.155503700819086,0.174650272890233,0.126605216777777,0.163052920626149,0.121219389403279,0.104359464551266
1527,0.0680313350012064,0.139731579998691,0.156406313331024,0.175682635695322,0.127479031877504,0.163943054532211,0.122032043788723,0.105167213805758
1528,0.0686569080016043,0.140505725397554,0.157298185239985,0.176690131749681,0.128344432364084,0.164819899494826,0.122853609059917,0.105969249813295
1529,0.0692877455199861,0.141282195528246,0.15817361424603,0.177670446282433,0.129203427739466,0.16570506122147,0.123668639638601,0.106749593308374
1530,0.0699126923185751,0.142036098943326,0.159068281951895,0.178625526793919,0.130050228580738,0.166571255852682,0.124454737750175,0.107547897151685
1531,0.0705454634999231,0.142804890067279,0.159954792450524,0.179579447617763,0.130888168808135,0.167443682476391,0.125248588431982,0.108363939778094
1532,0.0711811442746947,0.143578444128445,0.160847061003364,0.180550109419611,0.131729427395943,0.168307479031597,0.126057719618954,0.109170197689933
1533,0.0718067173377274,0.144326191985356,0.161734858924034,0.181511160090911,0.132586234512184,0.169151865513207,0.126833728145621,0.109964295296679
1534,0.07243995909367,0.145069157285239,0.162590672634084,0.182492353555398,0.133426287993406,0.170010459921452,0.127617336547971,0.110760035606492
1535,0.0730813973552165,0.145811986259724,0.163460218381508,0.183480010871262,0.134254333800799,0.170850438268112,0.128428427822785,0.111548166369279
1536,0.0737211653211666,0.146549273122829,0.164328621394595,0.184427155996313,0.135086209533194,0.171670138761858,0.129203411053595,0.112334385599455
1537,0.0743749697475723,0.147290384245623,0.165175499263362,0.18535106361065,0.135908076294075,0.172484563238506,0.129955504017591,0.113137523360739
1538,0.0750228815816574,0.148023509343685,0.166022038937873,0.186268671367712,0.136735393022926,0.173314936331877,0.130712335718011,0.11392267092546
1539,0.0756680668555383,0.148763668251325,0.166871492376558,0.187168026923358,0.137573154193595,0.174156712792372,0.131450566538378,0.114694525454907
1540,0.0763158321907892,0.14948871615017,0.167716734879339,0.188065104454868,0.13839769524039,0.174976171493918,0.132219512056173,0.115478112431651
1541,0.0769688862556284,0.150197338251241,0.168556050835922,0.18894960309674,0.139214177816055,0.175807139341588,0.133011220290656,0.116261991451985
1542,0.0776127063326152,0.150911429246689,0.169384372414807,0.189848565467399,0.14002693094085,0.176608491767296,0.133772299658246,0.117043437388612
1543,0.0782531958559978,0.151626500861523,0.170212551135235,0.19074842988346,0.140841616376709,0.177374421565415,0.134545788166873,0.117833616692525
1544,0.0788961011468466,0.152337068851913,0.171029493770534,0.191641708335809,0.141645630239393,0.178143363319163,0.135298428170076,0.118614230406021
1545,0.0795305458981431,0.153046512687221,0.171828306481307,0.192549905937796,0.142443128576987,0.178902775970777,0.136007471280322,0.119382554302177
1546,0.0801784268961919,0.153741033756898,0.172614862497587,0.193418375991253,0.143227977752853,0.179667566379366,0.136743142263351,0.120159451545277
1547,0.0808369594947989,0.154428321401908,0.173394457602282,0.194251222162823,0.143989917985622,0.180425819616645,0.137498592022296,0.120944212437875
1548,0.0814877046918467,0.155116265846361,0.174180804069459,0.195115100502856,0.144772160201004,0.181183758707236,0.138231308526436,0.121716161929974
1549,0.0821419215627491,0.1557921786058,0.174957703107172,0.195980900080953,0.145556974743531,0.181946898684342,0.138957814444409,0.122484530148603
1550,0.0827963158360939,0.156473296810838,0.175733155662962,0.196829616700759,0.146343442249765,0.182703841935549,0.139679663554252,0.123244832341675
1551,0.0834464511020453,0.157161439899613,0.176515863595865,0.197693866660942,0.147148434241257,0.18344825927589,0.140387122664197,0.123988986271379
1552,0.0840966474946381,0.157833992712112,0.177287914290602,0.198537391648998,0.147929004935274,0.184202587015968,0.141102082882881,0.124750766770596
1553,0.0847539991742933,0.15850046674381,0.178047768657137,0.199356228596488,0.148696233708976,0.184976649463886,0.141819142604582,0.125526620496941
1554,0.0853973092014445,0.159157508281732,0.178796866641432,0.200162087296495,0.149458892411934,0.185720020624436,0.142524673409928,0.126279795648345
1555,0.0860260601832363,0.159802969453169,0.179549303059326,0.200958128209382,0.150210733453237,0.186451223780477,0.143231890809647,0.127033223229602
1556,0.086672809033757,0.160452092966957,0.180288651985871,0.201755739323699,0.150963720135207,0.187176663602105,0.143931350674676,0.127774038908537
1557,0.0873230351298983,0.161097017487488,0.181004131252882,0.202534781344991,0.151718577968635,0.187874008243278,0.144620726255362,0.128481244107181
1558,0.0879672224238828,0.161736837761742,0.181724793421618,0.203314631985407,0.152454373195751,0.188581896105662,0.145302985347175,0.129215551961052
1559,0.0886209494864997,0.162378720098145,0.182444690151631,0.204102617843736,0.153178092567303,0.189302663777004,0.145978900331329,0.129968799760373
1560,0.0892671844678319,0.163006874476578,0.183156922585022,0.204879143219535,0.153902732158422,0.190004274220361,0.146650274729173,0.13070445196918
1561,0.0899045057242773,0.16362662687581,0.183874655280381,0.205645897141467,0.154613596986454,0.19069644586806,0.147311018453956,0.131451919848427
1562,0.0905435213751038,0.164236972253741,0.184564761250616,0.206399048829365,0.155330235306688,0.191390697480927,0.147972299718251,0.132174126983507
1563,0.0911850626147707,0.16483457905507,0.185238503334716,0.207140283627154,0.156057147368749,0.192077938545357,0.148632546072535,0.132865288752433
1564,0.0918190849308652,0.165432757694643,0.185906493637033,0.207889707114978,0.156764567035411,0.192748888444567,0.149290360469626,0.133567276834146
1565,0.0924471495523669,0.166023224748958,0.186537441105039,0.208632802300107,0.157464066719736,0.193407810259031,0.14995385417543,0.134262399934464
1566,0.0930746278025935,0.166611089604354,0.187201694053179,0.209362774895719,0.158146454442261,0.194078841016878,0.150590489008396,0.134962394646994
1567,0.0936977659758057,0.167197569062258,0.187887489441758,0.210094855283436,0.158799312607293,0.194742036089389,0.151208343171074,0.13567343397798
1568,0.0943229772646163,0.167781659504128,0.188551623266205,0.210828782729864,0.159484841359396,0.195411631268662,0.151837742704775,0.136371099499624
1569,0.0949480518581939,0.168363927720983,0.189224156748906,0.211549707527051,0.160188017220805,0.196099146597119,0.152456394796381,0.137057137749085
1570,0.09556737680741,0.168934745564445,0.189877388435783,0.212263538955933,0.16085976622235,0.196766214605175,0.153070172321489,0.137746737459087
1571,0.0961864953045233,0.169500250221146,0.190503947895024,0.212984201214481,0.161539519089872,0.197409290869056,0.153689847931381,0.138436306158004
1572,0.0968044749694237,0.170060541487868,0.191146294433416,0.213692427658204,0.16219577538038,0.198072841834999,0.154304542252911,0.139118833876521
1573,0.097420330135141,0.170605512580688,0.191804834241831,0.21437998819012,0.16280895217913,0.198753272197223,0.154903572369538,0.139802633504697
1574,0.0980323971586608,0.171160535782393,0.19243426190867,0.215073286247775,0.163450150275667,0.199417308274648,0.155508722304616,0.140477129151597
1575,0.0986444818139195,0.171723799045363,0.193049963858576,0.21577267209962,0.164101179108984,0.20007625649818,0.156133859549031,0.141136043921384
1576,0.0992457731339063,0.172273559975697,0.19365749813064,0.216465663264481,0.164743463592575,0.200740083943229,0.156728783534822,0.141801474768575
1577,0.0998344532083494,0.172823326629179,0.194230602616656,0.217152449688752,0.165384810479895,0.201399405790207,0.157301888702304,0.142474341740089
1578,0.10042874593152,0.173359248934021,0.194827287088805,0.217831931785619,0.166019001133746,0.202050829781971,0.15787682076159,0.143130928923589
1579,0.101023564840425,0.173877889519356,0.19543933485022,0.218507930147142,0.166656029527825,0.20270836451113,0.158427490651444,0.143780740265893
1580,0.101616138837178,0.174403090408515,0.196040873887478,0.21917630652989,0.167284245853531,0.203358131903502,0.159003394293483,0.144427302632768
1581,0.102209621434208,0.174922465159211,0.196654702349872,0.219836914342675,0.167912207933612,0.203986306983631,0.159605584082346,0.14506492526048
1582,0.102795145903053,0.175442507844757,0.197246452848486,0.220490489730236,0.168516813393708,0.204626289251193,0.160180503964577,0.145696786878078
1583,0.103369135805885,0.175965861948739,0.197814545806808,0.221130362641112,0.169081923185587,0.205281785177761,0.160751164840071,0.146316911116333
1584,0.103952484712463,0.176481113300553,0.198393189823145,0.221785952934081,0.169682516961768,0.205924191832259,0.161313842300564,0.146946552746786
1585,0.104548799086238,0.17699618974877,0.198969423895258,0.222437222679514,0.170296896785006,0.206558214465336,0.16185295493224,0.14757910374827
1586,0.105126416091328,0.177503314766948,0.199539005536013,0.223094132507195,0.170900114055826,0.207190811868973,0.162397720066494,0.148202892789412
1587,0.105692073761711,0.178001926334714,0.20010929112856,0.223777595743297,0.171523681939468,0.207815143518805,0.162948358270492,0.148832557036273
1588,0.106263159122151,0.178499654491541,0.200675945877415,0.22443111595399,0.172128381593381,0.208441903103403,0.163497765882448,0.149453573810264
1589,0.106823010189398,0.178992230359991,0.201241932674284,0.225081552442631,0.172710641832557,0.209068808901729,0.16405320337466,0.150064729172628
1590,0.107388009793901,0.179480217844056,0.201790806335146,0.225710599205262,0.173289809120172,0.209702838752495,0.164583010172477,0.150664376360097
1591,0.107970223522537,0.179965530336832,0.202321077805303,0.226291596284469,0.173866162459525,0.210339905600895,0.165094389668187,0.151259274696293
1592,0.108534923274616,0.180447051976815,0.202866130940959,0.22691325350189,0.174446150562971,0.210974889501955,0.165616031029278,0.151850906120048
1593,0.109084632946276,0.180919578606777,0.203411165574878,0.227549676771796,0.175015130931776,0.211625898615207,0.166116862367907,0.152421253564317
1594,0.109637824023746,0.181395917104788,0.203947687815831,0.228169704582438,0.175581374091433,0.212249611503224,0.166633630385377,0.153005449003109
1595,0.110186825617094,0.181879857585401,0.20449943317622,0.228806754295097,0.176159204729462,0.212843845819996,0.167183574913944,0.153599842948662
1596,0.110735281623252,0.182349273245014,0.205031263317878,0.22943703131125,0.176721671941847,0.213460896583742,0.167700222173046,0.154185333416261
1597,0.111287224557788,0.182812299611307,0.205540142911929,0.230055212674356,0.177278689383648,0.214087657128779,0.16820588619587,0.154778777904704
1598,0.111830448691274,0.183269575998358,0.206047237521763,0.230660928523132,0.177824025251283,0.214692105938859,0.168700772886066,0.155353265584602
1599,0.1123651247155,0.183711346211167,0.206543696607503,0.231263277804369,0.178359533235268,0.215292515661536,0.169160524712204,0.155913546257413
1600,0.112902353238543,0.184155796868807,0.207045262005034,0.231863141534697,0.178878412606927,0.215899088674288,0.169647581017038,0.156470676198248
1601,0.113438337558246,0.184605014258129,0.207538508861931,0.232450840991796,0.179348992051225,0.216481900838032,0.170155905553572,0.157013198720705
1602,0.113969122498801,0.185044435029332,0.2080378974729,0.233028936411201,0.17987006248215,0.217082012556318,0.170632919863554,0.157558859911455
1603,0.114505851114292,0.185474071207768,0.208557488552689,0.233607437223661,0.180433214808213,0.217731563823987,0.171104911569553,0.158100941405794
1604,0.115025651518354,0.185909635768558,0.209051262240501,0.234181271236256,0.180958845002084,0.218331928503438,0.17157713794715,0.158648497404303
1605,0.115531565640479,0.186347529956782,0.209532704456534,0.234732009003709,0.181502279122255,0.218895286031869,0.17203081441649,0.159207991383184
1606,0.116038150820836,0.186773628669566,0.210012187285615,0.235289280916902,0.182017552350852,0.219468548658242,0.17247991739282,0.159745635780336
1607,0.116530889253909,0.187195364806422,0.210473884098575,0.23586101483528,0.182470468210421,0.220016048562972,0.172928121020142,0.160280548368376
1608,0.117028178645886,0.187614063062872,0.210936411812908,0.236419108995756,0.182958747032719,0.22057651437619,0.173378963542854,0.160800605082306
1609,0.11753504110249,0.188020573523034,0.211400062364749,0.236962787538226,0.183474057340336,0.221153650823311,0.173815647333801,0.161278577117992
1610,0.118022148081857,0.188429838133736,0.211860678313446,0.2375111311181,0.18396623232974,0.22172357615182,0.174258514768694,0.161793849583105
1611,0.118492823633043,0.188848654821835,0.212319508031924,0.238069751196853,0.184453998319441,0.22230046830423,0.174728256846804,0.162335578543912
1612,0.118977032901832,0.189252310066251,0.212768342424041,0.238601716611582,0.184936650892757,0.222856457475069,0.175170177655661,0.16285001543968
1613,0.1194591111233,0.189642423219262,0.213220054738058,0.239120526161276,0.185412245376021,0.223395987331833,0.175586782313879,0.163378510069036
1614,0.119936698688916,0.190035260945758,0.2136523068897,0.239636496796242,0.185874186276872,0.223940596967188,0.176010120816975,0.163883902552744
1615,0.120428097732715,0.190429646537371,0.214063577630877,0.240121052585517,0.186327473180296,0.224471274821993,0.176426114537661,0.164356787319098
1616,0.120901014483046,0.190808719174488,0.214474137072325,0.240623298332586,0.186779914074605,0.225004751199836,0.176842719262496,0.16483048726018
1617,0.121349595012514,0.191175028941728,0.214859955467047,0.241136242815042,0.187209201176448,0.225549322495163,0.177268381737308,0.165298018865488
1618,0.121808497855595,0.191547412646659,0.215270091536691,0.24165173721317,0.187652728141583,0.226083785068102,0.177674864039189,0.165761510484183
1619,0.122271749211268,0.191913162090892,0.215703251029101,0.242184597022597,0.188109801389662,0.226607587403363,0.178059973980433,0.16620926273985
1620,0.122726537695992,0.192274340104567,0.216110997130427,0.24269189935437,0.188554389353909,0.227130402816494,0.178458243382573,0.166666089934693
1621,0.123185339950797,0.192638704569774,0.216522898347611,0.243196499357419,0.189009579215558,0.227668923863392,0.178871573633895,0.16713280407562
1622,0.123629959529487,0.192999974770153,0.216923574381907,0.243678689490815,0.189443317555787,0.228172765231471,0.179254615704496,0.167585852625235
1623,0.124057944022859,0.193353931752939,0.217300590959414,0.244123922709854,0.189855507724402,0.228645012885032,0.179621387888883,0.168033584340822
1624,0.124487660730968,0.193702865495465,0.217675328649618,0.244591045923766,0.190271464902542,0.229132299763943,0.1799928641256,0.168477280778702
1625,0.124908636465271,0.19405525640295,0.218049286552451,0.245070199432598,0.190681270441467,0.229594666136882,0.180333110484759,0.168916701521154
1626,0.125331396387902,0.194398427200509,0.218417076164513,0.245521405981848,0.191075565573513,0.2300722147084,0.180694001827751,0.169345673671654
1627,0.125763661929352,0.194732368665254,0.218762222297601,0.245953557095131,0.191460511753547,0.230581154904652,0.181088543526691,0.169763200491509
1628,0.126177825517213,0.195057594281118,0.219124901937909,0.24640387690098,0.191847925951776,0.231064675002248,0.181456147987241,0.170184047652008
1629,0.126581207115052,0.19537404957374,0.219504242236276,0.246864048167127,0.192222126016674,0.231547819483013,0.181815966732706,0.170604749115663
1630,0.126981633676249,0.195691414398568,0.219867561825277,0.247287685151296,0.192597804125216,0.232008688067506,0.182163983226015,0.171011261507213
1631,0.127368161008355,0.195992907732923,0.220240966821933,0.247708174766324,0.192976050798055,0.232442400712643,0.182493339894354,0.1714144580586
1632,0.127755454921046,0.196306295209573,0.22058849931992,0.248119822610259,0.193355326870496,0.232878144810485,0.182823753734532,0.171812924227134
1633,0.128144517117154,0.19664273970437,0.220904434049834,0.248475318185353,0.19374034322713,0.233299892787573,0.183148290400392,0.172197825342629
1634,0.128525419127789,0.196946884521343,0.221233714954051,0.248866653054899,0.194104238949853,0.233719275168169,0.183466788074496,0.172575748830354
1635,0.128901686916631,0.197238947965276,0.221557659771258,0.249297127179555,0.194469744472447,0.234135278043146,0.183784113372504,0.172955377164109
1636,0.129269600916532,0.197527238978945,0.221876465507921,0.249699341282943,0.194815084915595,0.234552685546204,0.184091270319182,0.173321965151339
1637,0.129633149131697,0.19779148019568,0.222192162920078,0.250107818828269,0.195130145597258,0.234979300079363,0.184387253718648,0.173670267134485
1638,0.129985249356179,0.198059655193468,0.222519843353613,0.250482336772732,0.195451897538277,0.235376053889979,0.184684170008509,0.174019503884372
1639,0.130323839219082,0.198334699808062,0.222865954023866,0.250823512318134,0.195770553833688,0.235759882167804,0.184976987723449,0.17437106546868
1640,0.130662220090983,0.198596868005334,0.223174188791951,0.251169016136948,0.196078858781539,0.236136272637723,0.185260768125596,0.174703220724088
1641,0.13099800676155,0.198848553988229,0.223483088815251,0.251501210945192,0.196378055910311,0.236479477118957,0.185541705025166,0.17501711098698
1642,0.131320713415612,0.199094181559859,0.223764479533282,0.251822406065383,0.196674624653514,0.236837675844011,0.185813152514845,0.175336525583299
1643,0.13163529418612,0.199335011731987,0.223990209419813,0.252138803448622,0.1969614399858,0.237218653953353,0.186077825837719,0.175648518858223
1644,0.131945454235684,0.199566777277106,0.224239839323424,0.252447624363097,0.197248103852183,0.237562507184746,0.186331100458084,0.175955299307161
1645,0.132242522223196,0.19978610125237,0.224498969484549,0.252745592045709,0.197551886285852,0.237898663634814,0.186575624039497,0.176273466452629
1646,0.132538362473562,0.20000586489817,0.224740798887988,0.253026502429437,0.197818662598367,0.238207064491857,0.186812397076742,0.176565332610377
1647,0.132838582778816,0.2002169573857,0.224983453842004,0.253289864038686,0.198060939289894,0.238470878081855,0.187032921437027,0.176828088450783
1648,0.133121823358197,0.200429811262962,0.22520745447423,0.253562573140433,0.198301729718507,0.238748831305701,0.187253245124281,0.177103392529721
1649,0.133391728286345,0.200656164682126,0.225413201027149,0.2538315009328,0.198507350656614,0.239008566188025,0.187478407428868,0.177376918779094
1650,0.133657373358329,0.200853080177841,0.225613985843124,0.254082864639153,0.198733011345134,0.239282558357679,0.187680715832798,0.17763902026666
1651,0.133914193758734,0.201032122464442,0.225796782012487,0.254345387663362,0.198978598414029,0.239585403162629,0.187869647015049,0.177905616637627
1652,0.13416346332901,0.201211842582909,0.225984472536039,0.254578887463992,0.199201201966287,0.239843575904373,0.188051541336226,0.178155339436591
1653,0.134411892810947,0.201374244318029,0.22616013384621,0.254772264930319,0.199415484219316,0.240091657207084,0.188204125201058,0.178391880144682
1654,0.134641905304747,0.201533295040759,0.226350239858877,0.254974574090723,0.199628799647376,0.240320679784483,0.188376089906962,0.178613081220131
1655,0.134851670064555,0.201693892256451,0.226563171383383,0.255178318947868,0.199843765310777,0.240508264582733,0.188559009928011,0.17881885287417
1656,0.135063920523878,0.20184673379239,0.226745249761177,0.255361687890449,0.200027120960842,0.240704009352981,0.188729530103919,0.179022261018204
1657,0.13526278038451,0.201984354264107,0.226924437217802,0.255532458205759,0.200195216652518,0.240893503931783,0.188917066232844,0.179213842025895
1658,0.135465605541763,0.202124424384239,0.227085812860575,0.255698145468884,0.200358932964517,0.241080731304592,0.189066088985187,0.179393939805504
1659,0.135682582656289,0.202267819695939,0.227213325604175,0.255846984298399,0.200491061378739,0.241261511386373,0.189182672023138,0.179563480701042
1660,0.135870723630297,0.202401945950352,0.227355302655821,0.255993300959651,0.200628953693818,0.241439906267587,0.189305819570943,0.179734858123974
1661,0.136045395411113,0.202534136125157,0.227514426643577,0.256133353726024,0.200777963361442,0.241623256195075,0.189408322742792,0.179889568415448
1662,0.136212445916435,0.202651164777245,0.227633664710752,0.256273134797742,0.200909122252318,0.241789217918009,0.18951565928007,0.180053773311685
1663,0.136360049498729,0.202755458191821,0.227727550116805,0.256412045016326,0.201011891337837,0.241947691810919,0.189625995722135,0.180244819050145
1664,0.136501699237633,0.202859016716027,0.227828095612638,0.256536821680239,0.20113654627295,0.242090907226642,0.189733952138376,0.180393413431574
1665,0.136638436322754,0.20294834153135,0.227902783344183,0.256668363201533,0.201278289563114,0.24221258043834,0.189843258185468,0.180517381348492
1666,0.136764103896202,0.203042065639578,0.227987374143488,0.256766803158299,0.201391846188801,0.242340385513975,0.189936707146178,0.180643028628791
1667,0.136878307463491,0.203150302452136,0.228095487043615,0.256840178476491,0.201515812574107,0.242482984142606,0.190030274447053,0.18075176435739
1668,0.136981135530083,0.20322679878951,0.228170622935922,0.256901993850666,0.201601878705319,0.24257238802257,0.19010692228843,0.180848631207716
1669,0.137082565644963,0.203291586803024,0.228234077923534,0.256944459482594,0.20165154274666,0.242645650567787,0.190168875128735,0.180953131754305
1670,0.137156889605361,0.203339888698612,0.228271289138477,0.256972488617135,0.201696464287779,0.242690121841127,0.190213736168695,0.181023103070567
1671,0.137205839648625,0.203361430881897,0.228284957893744,0.256996664736128,0.201726225895536,0.242680762384155,0.190251312667804,0.181058788008496
1672,0.137251219999571,0.203380611701128,0.228288095558988,0.256980024514374,0.201736727867862,0.242675980428668,0.190262997513909,0.18109223963765
1673,0.13728529943594,0.20339733063816,0.228268791503767,0.256929653324792,0.201727627098495,0.242670791392947,0.19025015704681,0.181104506502208
1674,0.137298364574228,0.203388708039968,0.228239308852781,0.25687097443679,0.201710380325748,0.24263067182201,0.190222476465689,0.181119743654609
1675,0.137305310250588,0.203364285714231,0.228199167989406,0.2567918395578,0.201675303890178,0.242582917502074,0.190183141854772,0.181145009334849
1676,0.137283339562549,0.203323278059655,0.228143627854672,0.256682605366435,0.201631210083019,0.242475054160558,0.190111021369076,0.181124734324933
1677,0.13723042540514,0.203261126802791,0.228069763295133,0.256580238922579,0.201602006373688,0.242322676115517,0.190006039851733,0.181081560571409
1678,0.13716961858069,0.203186485745894,0.227987383899188,0.256395928188078,0.201504010296253,0.242148396715843,0.189899236539837,0.181029456348465
1679,0.137090654227674,0.203099230167196,0.227912027777597,0.256140471463419,0.201360432955261,0.241928574773691,0.189769752539808,0.180946129389456
1680,0.13699937336809,0.202992517593729,0.227779169966303,0.255883865785848,0.201211955684304,0.241686329539333,0.189631454271538,0.180852602502067
1681,0.136896620543372,0.202864521333224,0.227602621875234,0.255571657689852,0.201009464214275,0.241415257028544,0.189502417051105,0.180760101337033
1682,0.136773077444545,0.202728374475038,0.227434285373873,0.255270855759134,0.200828525214759,0.241133421597596,0.189319909604252,0.180636034093215
1683,0.136630702382434,0.202582346679663,0.22723362708953,0.254984119528666,0.200671555605881,0.240818555338854,0.189095363555238,0.180474751155792
1684,0.136476337898892,0.202410727356931,0.227029614964105,0.254636548453381,0.200457186653937,0.240495366692587,0.188871555519616,0.180316203746898
1685,0.136298862969207,0.202220851611168,0.226827976811839,0.254247656414991,0.200204622767501,0.240168971027378,0.188615457897,0.180151944395013
1686,0.136122166895679,0.202017926919729,0.226616361951262,0.253856684004159,0.199963212219536,0.239812290630755,0.188361780286756,0.179962837780397
1687,0.135942117620061,0.201789008431967,0.226383409760718,0.253445736667533,0.19970030193284,0.239431668058745,0.188106062492939,0.179751987839745
1688,0.135740087589974,0.201557210142232,0.226145163454369,0.252988447273774,0.199426129647351,0.239025942503002,0.187839096618749,0.179541625110325
1689,0.135519770695722,0.201318198821674,0.225911465692839,0.252491823672134,0.199146200598213,0.238588186710855,0.187565441976434,0.179308678124208
1690,0.135304229996931,0.201065364957446,0.225659515553246,0.252021671097535,0.198874120527255,0.238156728186868,0.187265213175787,0.179088358107503
1691,0.135077406283741,0.200797369026422,0.225386273121771,0.251526498722404,0.198590017462743,0.237701913387622,0.186953004580419,0.178882832819131
1692,0.134842625245698,0.200523151387312,0.225106830304893,0.251016980855074,0.198293749217427,0.237253548660374,0.18662332228583,0.178642864501
1693,0.134613457423657,0.200237113850401,0.224814373768877,0.250536109926715,0.198014857015401,0.236826908459039,0.186257513974057,0.178389803120476
1694,0.13436035087676,0.199948544641202,0.224536279110436,0.250003583052008,0.197699693449688,0.236340261010812,0.185910576037895,0.178127079604368
1695,0.134084188379987,0.19965441221422,0.22425902068348,0.24940106044699,0.197343863077606,0.235824821757778,0.185569039844015,0.177842798315293
1696,0.133807823909619,0.199348792741934,0.223959142831251,0.24884669647622,0.197000271990379,0.235294126091371,0.185206414602791,0.17755586128464
1697,0.133519894344195,0.199032773559245,0.223656876916981,0.248305837947273,0.196653338255497,0.234714835416742,0.184835821312692,0.1772611841255
1698,0.13323656358887,0.198718986389577,0.223359104587912,0.247755872682449,0.196304192251499,0.234169667069021,0.184460963937427,0.176966298612861
1699,0.132950307492902,0.198393804405354,0.223036535178985,0.247204097044238,0.195948062272994,0.233629364238047,0.18407097777297,0.176667636274086
1700,0.132654574635965,0.198077187779001,0.222734000057005,0.246656962987293,0.195586485306543,0.233078373835398,0.183680828647062,0.176345110801839
1701,0.132352373463558,0.197768481209029,0.222457259257143,0.24610526120862,0.195216408853145,0.232531082282477,0.183279389763366,0.176012570877496
1702,0.132060030726894,0.197446027234611,0.22216135563195,0.245570089877252,0.194866623067805,0.231974380034587,0.182911456586376,0.175681191863917
1703,0.131765084951667,0.197107560452336,0.221844658823126,0.245033257734247,0.194509086222452,0.23139114285112,0.182542537637107,0.175320089989191
1704,0.13146402956778,0.196808561913862,0.221561547193925,0.244545507094165,0.194183309699499,0.230863753995504,0.182202648663847,0.174996942569438
1705,0.131169043193419,0.196513525747126,0.221298069325885,0.244072368167343,0.193887025651439,0.230341654369246,0.181897513990778,0.174693076683781
1706,0.130871218437062,0.196244952353136,0.221013995608593,0.243650469816012,0.193581489499307,0.229879783099413,0.181588081324306,0.174394082925544
1707,0.130558372910134,0.196013215420225,0.220732273817636,0.243278098442464,0.193286647528907,0.229470512452167,0.181281737238354,0.174113976231948
1708,0.130267668314326,0.195763621087325,0.220463879491614,0.24292429825405,0.192980567142469,0.229054274598242,0.181002020187089,0.173809728183971
1709,0.129977941374698,0.195514904131757,0.220187756764772,0.242577336188409,0.192672488087909,0.228672112173534,0.180734202630698,0.173487215158521
1710,0.129680360697402,0.195282801023136,0.21994517618398,0.242230817493319,0.192380920231453,0.22829076530141,0.180470778273295,0.17315212912648
1711,0.129388090217451,0.195056657256927,0.219703367800099,0.241914308978186,0.192114420033468,0.227911432399693,0.180218379535055,0.172841436199234
1712,0.12908366124024,0.19483729416212,0.219460977978304,0.241594259257924,0.191871285324137,0.22757392828304,0.179986277245164,0.172539776091834
1713,0.128780261435489,0.194628037274858,0.219235973716039,0.24128630252044,0.191632382736665,0.227224397116935,0.179753636091007,0.172238258605964
1714,0.12847640555833,0.194424440049673,0.218999597378619,0.241018677426357,0.191382797908009,0.226876766787088,0.179528831804513,0.171934400984617
1715,0.128161310486554,0.194227819772844,0.218750710478953,0.240764669520223,0.19112376245786,0.226538590639599,0.179306720754907,0.171612835983679
1716,0.127849895587943,0.194022777850454,0.218502489989843,0.240540319462466,0.190849632116177,0.226186353938952,0.179099931961252,0.171278302863716
1717,0.127527040931734,0.193821700243417,0.218251509966983,0.240309689942289,0.190577100187384,0.225850749936222,0.178881807687739,0.170935730680252
1718,0.12719770299296,0.193619145798923,0.218025674265091,0.240076252074129,0.190291907667036,0.225535983062343,0.178659584089488,0.17056247925653
1719,0.126853044560851,0.193410697577838,0.217768896424391,0.23984895502489,0.190019975930013,0.225211239984856,0.178452665819257,0.170204922533215
1720,0.126489784267454,0.193215679251529,0.21748168052348,0.239637835060187,0.18977756136014,0.224898580839065,0.178256849877445,0.169862153222491
1721,0.126128648291109,0.192999911145747,0.21719745429705,0.239410949238916,0.189495372799948,0.224570171747713,0.178039916745963,0.169501557307643
1722,0.125764755090586,0.192763927731138,0.216898055478474,0.239185460896421,0.189210126332058,0.224224344482513,0.177846475402505,0.169157552414681
1723,0.125384027800688,0.192525587412189,0.216594462517522,0.238944003081004,0.188897202571491,0.22387945094763,0.177609006334423,0.168778503940437
1724,0.124999166384907,0.192275152943304,0.216300660644107,0.238693394185447,0.188525826876281,0.223526551208108,0.177318394359051,0.168349377373704
1725,0.124599932950772,0.192023190128918,0.215983875402867,0.238421265267405,0.188177728994728,0.223174400722591,0.177038011546496,0.16794171301965
1726,0.124175251606914,0.191764780058106,0.215628448939512,0.238119567991315,0.187827904219196,0.222815324252303,0.176726527877736,0.16753834028446
1727,0.123753394261729,0.191509148969795,0.21530511135253,0.237832090715933,0.187482069348909,0.222464798958337,0.176445137748055,0.16711136661408
1728,0.123328484323508,0.191255885797641,0.214988231460946,0.237511028847764,0.187145473737972,0.222107531960163,0.176185515151887,0.166683825824579
1729,0.122898625687585,0.190993704683914,0.214668444055389,0.237234482529501,0.186804466186013,0.221776748728132,0.175913695755343,0.1662488812724
1730,0.122468027755076,0.190727770447087,0.214386115947902,0.237006196049486,0.186468070997773,0.221475373167338,0.17565898885439,0.165780429454844
1731,0.122020540174575,0.190458482094513,0.214057275222258,0.23674780018713,0.186116376016085,0.221159356174759,0.175385528529777,0.165327080234374
1732,0.121560802214087,0.190188206490906,0.213696756415214,0.236516793616441,0.185764218931527,0.220849702244783,0.175088789268269,0.164900261232495
1733,0.121098724042288,0.189902615853472,0.213336575614497,0.236244127271002,0.185395337094552,0.22053995561052,0.17480255963514,0.164438206388912
1734,0.120626647625997,0.189602792223246,0.212950332103509,0.235935340883963,0.185007787459205,0.220222127221841,0.174537035873871,0.163957986211117
1735,0.120149344112998,0.189310698621975,0.212576987329485,0.235622610847827,0.184614545644806,0.219905599436131,0.174221816344303,0.163474963459076
1736,0.119669514212893,0.189026897123448,0.212205753986648,0.235291765424586,0.184219285586821,0.219615058095183,0.173884224903216,0.162965201992532
1737,0.119181582474972,0.188708605653696,0.21183251854747,0.234951507797189,0.183804857065641,0.219289173120098,0.173544671874383,0.162464702244277
1738,0.118690803227948,0.188390008886719,0.211477516792971,0.234605273150818,0.183375085368402,0.218940825274762,0.173174594549854,0.16198447046692
1739,0.118176207778664,0.188038334794986,0.21107957645669,0.234238126715415,0.182933449530191,0.218587151476283,0.172800605673953,0.161462504348006
1740,0.117647103851217,0.187641569912852,0.210663727607618,0.233866418330905,0.182472792557567,0.218228222105048,0.172433248384295,0.160919181421456
1741,0.117110910053269,0.187243249552708,0.210232093864135,0.233443363110475,0.182003429305771,0.217827670331156,0.172032481911264,0.160371452062123
1742,0.116551643112753,0.186831235352069,0.209753518278547,0.232985421237022,0.181537923930771,0.217408171418661,0.171604050272133,0.159795404906485
1743,0.115999703859099,0.18641428559343,0.209303482162484,0.232512095681665,0.181031759627239,0.216966958294998,0.171163890485589,0.159218540193179
1744,0.115454612922395,0.18599059903195,0.208872104890372,0.23200150150511,0.180493224850821,0.216488187935565,0.170724739936943,0.158639152186204
1745,0.114886256237744,0.185541180517496,0.208409220055468,0.231481829141451,0.17995774338211,0.215993685998584,0.170237138518074,0.158061998258405
1746,0.114308037360888,0.185072460824866,0.207932803835014,0.230951680292763,0.179396940877195,0.215475298311651,0.169693812254997,0.157491082775279
1747,0.113712716789137,0.184600969719098,0.207463097587623,0.230389981509597,0.178829206622149,0.21496432070789,0.169179269286132,0.156878430894677
1748,0.113091293064519,0.184104597770921,0.206977436211558,0.229788973453019,0.178254149458449,0.214430885716328,0.168645826714619,0.156243063070232
1749,0.112477365675549,0.183613910947722,0.206491743339726,0.229196501067609,0.177680687131247,0.213906957932599,0.168114889522233,0.155608795396234
1750,0.111850601337492,0.18312841619803,0.206026479514508,0.228590894361326,0.177085213139078,0.213403205173622,0.167610621531425,0.154937342103343
1751,0.111241199569959,0.18263568601647,0.205514995104913,0.227982550073514,0.1765141320223,0.212856714606104,0.167060556385115,0.154292776726255
1752,0.110640890326646,0.182127787884634,0.204966746197394,0.22736375873459,0.175966099380614,0.212284501668699,0.166467843995407,0.153671918495406
1753,0.110041492295393,0.181634775812927,0.204441777533778,0.226762767595921,0.175401239531359,0.211718033645762,0.165912643081236,0.153039349106918
1754,0.109444253416821,0.18114823206769,0.203897668487424,0.226150871249313,0.174830342062791,0.21111640235307,0.165345731689863,0.152391152747872
1755,0.108845703544279,0.180647043737807,0.203411062041895,0.225564462781729,0.174249570318426,0.210578481767627,0.164826062926695,0.151763036326553
1756,0.108249325811817,0.180152463116346,0.202896193347818,0.224994020491184,0.17367823970307,0.210031127405538,0.164303762899906,0.15113988177183
1757,0.107664579512811,0.17965984883893,0.20236571240588,0.224390791912505,0.17307509351571,0.209503518774214,0.163769749820772,0.150508109970427
1758,0.107111834082237,0.17917162467475,0.201872080468407,0.223837763779627,0.17250197054633,0.209033412445692,0.16328437761473,0.149908161933414
1759,0.106558437877394,0.178719079216708,0.201377859817763,0.223306829313393,0.171978689281502,0.208538758038715,0.162810096734168,0.149304727288863
1760,0.106013983507983,0.178285928129889,0.20089248565417,0.222808024341231,0.171477263037705,0.208067374337633,0.162314891387934,0.148699748293827
1761,0.105480443307904,0.177844545160871,0.200429109423811,0.222372173964203,0.171013142349714,0.207605694277465,0.161865175165896,0.148154822727316
1762,0.104935331400534,0.177431434589826,0.199954026331859,0.221921819799019,0.170562844737474,0.207140409057884,0.161437804044112,0.147596273182275
1763,0.104411503313063,0.17702732488463,0.199486741473504,0.221499280685859,0.170089754077487,0.206693974909571,0.160992550313936,0.147031566804475
1764,0.103901909096933,0.176615795685837,0.199056551998464,0.221104174910261,0.169584891548913,0.206253887614186,0.160592226894738,0.146515135272712
1765,0.10341134876326,0.176257326186243,0.198662697375013,0.220739233065437,0.169115836960131,0.205861076593887,0.160208476746535,0.145989275661152
1766,0.102959283574526,0.175919863651531,0.198284943071491,0.220411051817427,0.168677716343801,0.205490493269342,0.159835086570442,0.14548279999952
1767,0.102525208568763,0.175577913271523,0.197909359466585,0.220068234229028,0.168241533071569,0.205149422943212,0.159524325255039,0.145050133395962
1768,0.102117981499288,0.175283183335136,0.197553297067012,0.219745565092387,0.167862177758834,0.204861084654569,0.159230946135018,0.144619023629838
1769,0.101731140687295,0.175001898246832,0.197227347403378,0.21944815884609,0.167519511995969,0.204576361672891,0.158936949675,0.14417486662428
1770,0.101345625540822,0.174701293418012,0.19690449694912,0.219172804812155,0.167163193433606,0.204288758332702,0.158638579368974,0.143752981905642
1771,0.10096339510605,0.174428146188907,0.196581167974237,0.218980950853166,0.166822260654387,0.204001519285341,0.158352994431932,0.143328053228847
1772,0.10060124039072,0.174174173965146,0.196276940221946,0.21872981697634,0.166494035717297,0.203743196646173,0.158080409943492,0.142937776940942
1773,0.100248579662383,0.173945272556056,0.195956659791347,0.218394511303508,0.166137828963143,0.203509581793782,0.157821187043798,0.142584970317528
1774,0.0999146935780196,0.173713546160653,0.195684867150115,0.218170208577937,0.165840643699284,0.20328913820986,0.15758948838404,0.142240987700042
1775,0.0996039625171366,0.173486688878257,0.195463751355852,0.217988142608207,0.165600361033454,0.203109875946901,0.15737469282552,0.141911618053145
1776,0.0993156071705924,0.173282667012637,0.195241656633805,0.217817047653636,0.165361266290013,0.202918731669288,0.157168220033648,0.141604436512167
1777,0.0990342638180762,0.173077808188956,0.195036816502903,0.217749861938895,0.165154282679625,0.202713432747577,0.156986480693426,0.141323109245116
1778,0.0987805051548398,0.172896679597277,0.194843485027695,0.21762313043292,0.164942221121821,0.202530580288146,0.156819291374821,0.141048907271264
1779,0.0985651252051707,0.172744213561356,0.194672134797097,0.217435931500927,0.164721058867194,0.202344881853233,0.156650700464035,0.140788351942521
1780,0.0983445484494654,0.172608945701009,0.194496410752597,0.217301653705504,0.164538020532307,0.202189280720806,0.156501786059877,0.140544238749649
1781,0.0981323820228435,0.172495345015222,0.194317870138333,0.21717638306643,0.164373918612127,0.202062610506231,0.156391254824979,0.140310611669206
1782,0.0979520698251966,0.172384141721455,0.19418307453262,0.217077660683952,0.164233371325376,0.201947400750159,0.156281176088635,0.14009863529376
1783,0.0977837320392005,0.172295631961835,0.194058460375788,0.217018678575996,0.164131459467572,0.201862818416695,0.156172202203504,0.139907731833909
1784,0.0976423846006763,0.172207742112204,0.193951404578754,0.216964801519394,0.164030645389761,0.201781521142329,0.156100742276796,0.139747276929514
1785,0.0975465259076883,0.1721096980711,0.193889342693994,0.216923104291477,0.163939582906372,0.20169855117746,0.156049652674029,0.139605715433668
1786,0.0974298238118406,0.172039678885399,0.193807760251687,0.216905741144472,0.163854226367663,0.20163763285119,0.155982850146508,0.139479853701952
1787,0.0973033056357622,0.171993399261599,0.193708055102408,0.216913962482441,0.16376831738086,0.201589920090583,0.155930965876768,0.139391457349321
1788,0.0972135922663525,0.171944003950183,0.193665299049018,0.216903371983398,0.163724544280107,0.201561191786435,0.155890851089104,0.139293886934076
1789,0.0971365746965905,0.171898852243566,0.193660793083609,0.216888783357599,0.16371704286188,0.201551487545397,0.155845754496741,0.139198166747812
1790,0.0970746553280234,0.171887608485863,0.193653813553485,0.216903282819804,0.163722973769676,0.201587280755613,0.155858982175106,0.139144415959933
1791,0.097054507013068,0.171904002920221,0.193669255238061,0.2169694767624,0.163729453369019,0.201642318670044,0.155871720057842,0.139087557863522
1792,0.0970339240851065,0.171918682294477,0.193676501676142,0.217096450916174,0.163749682887,0.201694624992066,0.155907887083776,0.13907996645058
1793,0.0970062589692903,0.171938654924053,0.193683778713314,0.217186379246068,0.163737785789463,0.201762579770384,0.155936732808363,0.139064349658124
1794,0.0970134985642242,0.171969851584829,0.193750327150503,0.217277188018243,0.163743634699425,0.201815532040586,0.155947715373102,0.13904517602037
1795,0.0970216253866645,0.171985800309863,0.193827886049398,0.217354484071406,0.163787551476619,0.201832718032548,0.155973442457898,0.139049851113134
1796,0.0970173290509135,0.172034730175139,0.193919683911409,0.217430355600784,0.163821103707075,0.201888566308636,0.156000474157924,0.139039191854389
1797,0.0970293644874756,0.172103642026674,0.194014466049542,0.21755250464579,0.163867624005528,0.201967687916911,0.156055671986906,0.139049352154606
1798,0.0970593781018599,0.172161498655658,0.194078583947669,0.217652362153164,0.163919051510458,0.202065160636214,0.156134574547983,0.139102456041747
1799,0.0971070596958161,0.172234979292838,0.194155746805618,0.217777004341518,0.163965009071131,0.202201078495879,0.156200789328004,0.139176791161649
1800,0.0971661847429774,0.17231900460464,0.194246767290596,0.217940769158049,0.16403093059882,0.202352839288386,0.156255055398288,0.139227401252104
1801,0.0971661847429774,0.17231900460464,0.194246767290596,0.217940769158049,0.16403093059882,0.202352839288386,0.156255055398288,0.139227401252104
1802,0.0971932181913702,0.172423728594987,0.194408325376791,0.218101236009764,0.164116383161892,0.202528338978146,0.156340713858219,0.139289072404419
1803,0.0972467972579148,0.172568084711933,0.19465047611672,0.218311873059827,0.16425773191639,0.202753578932785,0.156466815885312,0.139375868753091
1804,0.0972776231195127,0.172664632969694,0.194808432379496,0.218472958374529,0.16437257403502,0.202937916375704,0.156524769970295,0.139473745298652
1805,0.0973070393831786,0.172760882890677,0.194981774913211,0.218591173935722,0.164429416686117,0.203004298981206,0.156527620214597,0.139549707495362
1806,0.0973951141085759,0.17286246334899,0.195209430616645,0.218758459761558,0.164518933748909,0.203173027844835,0.156610417530549,0.139628337352055
1807,0.0974689712850542,0.172937398507368,0.195397031431574,0.218914183275222,0.164651536328741,0.203355835828567,0.156732594532827,0.139667303651759
1808,0.0975064880734679,0.173016639551875,0.195587010584379,0.219058873599471,0.164766281853962,0.20345525445721,0.156816485262504,0.139713815906869
1809,0.0975600442587169,0.173111805999628,0.195749406325055,0.219179246301684,0.164755362337493,0.203626879614381,0.156861931400964,0.139811745897327
1810,0.0975759480696687,0.173191284725982,0.19595456811552,0.219254188395203,0.164761610306363,0.203830253732512,0.156902620117107,0.139855548040229
1811,0.0975881162495296,0.173268132511196,0.196143444191193,0.219395933473841,0.16485344907268,0.2039983023605,0.156985263981215,0.139869295123253
1812,0.0975832903289028,0.173348721402558,0.196361190503438,0.219528284448882,0.16500281265405,0.20412790818097,0.157098908389982,0.13982412663987
1813,0.0976571382127969,0.173417868095635,0.19651907311095,0.219694159555042,0.165103299089889,0.204228635262002,0.157243062501579,0.139857143226022
1814,0.0977022615322434,0.173461127313679,0.196677783127783,0.219879920275451,0.165172062779499,0.204393824221234,0.157274095031608,0.139943520776905
1815,0.0976634090681144,0.173520208205469,0.196764023410089,0.22004339158089,0.165246804242208,0.204584405383937,0.157286473393186,0.139944377634821
1816,0.0976128840973184,0.173552083456004,0.196797839551432,0.220046740115544,0.165250316598414,0.204709944867778,0.157343843392255,0.13991960884359
1817,0.0975965716164867,0.173552171244561,0.196827742366911,0.220031978014267,0.1652322482602,0.204900774558288,0.157294266809448,0.139937348155753
1818,0.0975856688891297,0.173556345178238,0.196848471622983,0.220080617208139,0.165257629328473,0.205022606669896,0.157242234080566,0.139904373850834
1819,0.0975585033455921,0.173537145795619,0.196919562116454,0.220125835158302,0.165274015661096,0.205028232317904,0.15731046176227,0.139854512671187
1820,0.0975294796009995,0.173516633157065,0.196988185022037,0.220194297070398,0.165274151366641,0.205150616322976,0.15732677999381,0.139861506412379
1821,0.0974941303973385,0.173499567420592,0.197010336791152,0.220227669388171,0.165251607258295,0.205212929658801,0.157306654125978,0.139815486476082
1822,0.0974431017263583,0.173491304358888,0.1970417747609,0.220254610981156,0.165197687841719,0.205238984226377,0.157252487627473,0.139733620689124
1823,0.0973576391002377,0.17346284886785,0.197037318216356,0.220244767496298,0.165160234436053,0.20520328791562,0.15729337231769,0.139571190764578
1824,0.097262227535641,0.173436799593559,0.19697217435526,0.220214129495155,0.165076471689432,0.20529012105662,0.157285232777499,0.139460642881066
1825,0.0971629915005616,0.173400234037313,0.196886221294418,0.220161098202781,0.16492104525273,0.205368131560754,0.157191838235734,0.139353715951636
1826,0.0970334975138125,0.173297845621822,0.196806706988605,0.220128363377832,0.164856853043264,0.205332771520178,0.157085336560277,0.13923002738062
1827,0.0968525803137843,0.173192743386353,0.196726143457503,0.220044967021172,0.164801619833427,0.20527053180641,0.156940889623675,0.139085453127551
1828,0.0966552437916956,0.173104179372089,0.1965939120448,0.219893366971221,0.164645488775078,0.205266412636907,0.156809824409436,0.138874098638168
1829,0.0964672791938101,0.172943009741524,0.196477334906096,0.219794677465714,0.164479755197707,0.205233083435856,0.156699110581343,0.138650176645761
1830,0.0962682014032301,0.172775243073243,0.19633343496874,0.219664794843516,0.164291371379557,0.205128355904631,0.156520718576194,0.138400215790523
1831,0.0960642632268607,0.172597564529289,0.196193786907609,0.219516346204397,0.164029800502253,0.204982842492259,0.156341216207371,0.138124237550301
1832,0.0958379630018936,0.172432249375342,0.195988379352526,0.219320649624896,0.163719183466072,0.204926664938629,0.156145109493806,0.137810250004373
1833,0.0955658576840591,0.172203398942151,0.195767253622858,0.219161363909875,0.163451223102954,0.204813149510127,0.155866446870959,0.137484888050844
1834,0.0952501820829149,0.171924068477734,0.195511874791097,0.218935113712249,0.163130049805015,0.204548140449899,0.155495606906942,0.137107258068261
1835,0.0948844870377124,0.171634394875493,0.195211026096048,0.218617783284284,0.162784949488978,0.204332547153419,0.155119415700567,0.136682580515395
1836,0.0944548498511127,0.171328454747922,0.194860646653628,0.218269903693121,0.162441691315034,0.204121315805742,0.154786085490847,0.136223552676928
1837,0.0940349544116096,0.170971061177134,0.194483260966256,0.217890983890862,0.16203589381355,0.203810841927371,0.15447806129562,0.135737115459966
1838,0.0936133062956057,0.170576356948763,0.194096632188701,0.217494039510752,0.161602291903393,0.203425028774329,0.154091122692591,0.135265348954157
1839,0.0931418542076646,0.170164820127266,0.193657386124457,0.217043921721665,0.161113578986987,0.202992700039055,0.153650921005886,0.134743579302267
1840,0.0926679693797042,0.169767239085084,0.193222115715862,0.216594441250212,0.160554939201137,0.202509664857122,0.153246367132062,0.134222167933202
1841,0.0921162751281761,0.169276373994104,0.192673922588542,0.216037772161453,0.159941977243522,0.202015452760409,0.152711143479709,0.133620187289402
1842,0.0915102463536366,0.168733799341832,0.192061786495765,0.215416124481341,0.159289659094307,0.201504089747067,0.152059608684833,0.132996316976596
1843,0.0908506561908023,0.168145153350116,0.191369790574668,0.214742414931868,0.15858465714097,0.200874622991057,0.151337344418716,0.132254681731791
1844,0.0901753610805467,0.167522916477847,0.190660978567147,0.213973430751636,0.157847422426299,0.200256052607909,0.150651109072155,0.131472904202898
1845,0.0894530834033216,0.166829144255757,0.189870836523265,0.213126989056364,0.1570599212108,0.199561690006095,0.1499015759081,0.13064234854391
1846,0.0886721946824175,0.166059502801467,0.189037582040818,0.212249963038982,0.156165418515134,0.198733025208687,0.149093414755776,0.129726576266296
1847,0.0878430718149693,0.16524471542795,0.188223615885111,0.211307964534616,0.155236997279239,0.19786862709636,0.148275768493385,0.128816258337766
1848,0.086964702443229,0.164361665991596,0.187271563778965,0.210258452246862,0.154225722246497,0.196894922253665,0.147335372549617,0.127807930892272
1849,0.0860258162612024,0.163417077042948,0.186224090046157,0.209131585673166,0.153121051692378,0.195844973325657,0.146293779500277,0.126753905554275
1850,0.0850286304147579,0.162385563596627,0.185077874781778,0.207920422380586,0.151938006454712,0.194675633398667,0.145175637560581,0.125586606499372
1851,0.0839829297740022,0.161284943884746,0.183878760216153,0.206669691497245,0.150695328778468,0.193392649706478,0.143957063577219,0.12434869804707
1852,0.082896807362095,0.160121778769895,0.182502724234814,0.205215939998211,0.149388403303683,0.192051465424557,0.142717560790701,0.122981568825106
1853,0.081757600275765,0.158884176401964,0.181044120752769,0.203647464802962,0.14796320367755,0.190614605921222,0.14139975381887,0.121579118744669
1854,0.080522591204906,0.15756512143485,0.179619844108109,0.202056575498387,0.14645061951915,0.189059092235728,0.139956377396813,0.120104471668359
1855,0.0792261787123563,0.156189838106556,0.178071618717441,0.200309979213647,0.144849360478255,0.187410259737825,0.13845433401343,0.118563155908991
1856,0.0779207564857478,0.154712203804489,0.176347626622822,0.198399775213696,0.1431155798152,0.185649064865483,0.136882320205625,0.116988724776449
1857,0.076552064887169,0.153121926536134,0.174536864792394,0.196395698379513,0.141318212302312,0.183765577005434,0.135208342367605,0.115303557093035
1858,0.0751093117728688,0.15142693541138,0.172612425741072,0.194328860444176,0.139469631960871,0.181765100252139,0.133461901295346,0.113517881497335
1859,0.0736349042746875,0.149647398188447,0.170555411036464,0.192064400456954,0.137483612867531,0.179646509670216,0.131599520846097,0.111660027448974
1860,0.0721338355271006,0.147768234112846,0.168390829811736,0.189610115697663,0.135372635641344,0.177412434016433,0.1296309071453,0.109722246001848
1861,0.0705629223968357,0.145788804266498,0.166108538647136,0.187076294026226,0.133178244559537,0.175047030794406,0.127554104835415,0.107701189308726
1862,0.0689109111809331,0.143717350626382,0.163710914349534,0.184424150859386,0.130883784032788,0.172536400758063,0.125332880511098,0.10556184675753
1863,0.0672315202860887,0.14154051556619,0.161140428333769,0.181625177363868,0.128453816295512,0.169956637782749,0.123077563924339,0.103383453556689
1864,0.0655562276509944,0.139269223088663,0.15847068776345,0.178663057732936,0.125943044742393,0.167215202620105,0.120748948162037,0.101202416788367
1865,0.0638196806803684,0.136917037691068,0.155700614074078,0.175619498635356,0.123386783075016,0.16433951135073,0.118304137445749,0.0989468386904433
1866,0.0620677670011553,0.134463271505033,0.152806102707517,0.172406325300343,0.120716743791796,0.161361376958361,0.115777874418817,0.0966217969981759
1867,0.0603022199142259,0.131919085780672,0.149796288916289,0.169024877110025,0.117940147428179,0.158262063839649,0.11317861882824,0.0942610881827426
1868,0.058514851202973,0.129291174759672,0.14666477493036,0.165501526933126,0.115084562866218,0.155029257212988,0.110477459178631,0.0918290022971694
1869,0.0566457305667253,0.126547266865989,0.143376136265465,0.161792559217428,0.112105318429042,0.151664709025422,0.107613887123112,0.0892757411516413
1870,0.0548360794224203,0.123745156945334,0.140023851468,0.158017954362909,0.109112469765283,0.148202194388278,0.104780762346638,0.0867314659436117
1871,0.0530339869889665,0.120868409841109,0.136564523494517,0.154109905970897,0.106053993567534,0.144588828636865,0.101924996587134,0.0841552956928908
1872,0.0512533351145005,0.117919827149952,0.133012728528051,0.150126026707336,0.102940143430792,0.140914345822209,0.0989746963259003,0.0815554401719823
1873,0.0494854404341965,0.114930547666572,0.129389327897535,0.146020357952673,0.099839762917715,0.137237193364882,0.0959626640945781,0.0789375483902158
1874,0.0477266621425524,0.111909112110387,0.125773476702277,0.14188419899279,0.0967151269215355,0.133486571895317,0.0929732180395457,0.0763527177294697
1875,0.0459553928748411,0.108822324920432,0.122142618240753,0.137669812094026,0.0935296605747901,0.129656268513521,0.0899590217737551,0.0737543958467107
1876,0.0442372978311675,0.105757171514486,0.118471304533473,0.133403129628577,0.0903632584190897,0.125801262653194,0.086915892058753,0.0711706436890592
1877,0.0426021792208126,0.10270683209855,0.114759929450307,0.129143418346649,0.0872195046909462,0.121944904479382,0.0839208965969064,0.0686594489614922
1878,0.0410309317417748,0.0996049588763989,0.110956455673351,0.124846740083343,0.0840094438826014,0.117955896736196,0.0809505555269628,0.0661859204279509
1879,0.0394772713018875,0.0965535028232026,0.107246054859376,0.120561049589083,0.0808999075599111,0.114100027912692,0.0780128397997186,0.0637135793606008
1880,0.037958011119996,0.0935193565202329,0.103476218905863,0.116168055528531,0.0777732230823934,0.110302158746159,0.0750515829322497,0.0612097206306372
1881,0.0365174209802922,0.0905287975052035,0.0997905959875446,0.111914774174744,0.0748067025844773,0.106503588502223,0.0721650074280495,0.0588675491700436
1882,0.0350979883749024,0.0875243268557596,0.0961163180748471,0.107667785601149,0.0719446847543121,0.102703244489354,0.0692949120880588,0.0565804631578344
1883,0.0337494634170314,0.084573309361343,0.0925521919469977,0.103499634467537,0.069103631049397,0.0989026703706861,0.0664856065331018,0.0543311995099785
1884,0.032477463237371,0.0816995418838609,0.0890480907540537,0.099372553887196,0.0662604857296343,0.0951651096727419,0.0637806928085951,0.0521462623397909
1885,0.0312645026450213,0.0788835337038565,0.0856277325944814,0.0953437893114697,0.0635719800508612,0.0915647202115282,0.0611698136834818,0.0500852510638229
1886,0.03009472658771,0.0761468118104676,0.0822932789036801,0.0914226703118866,0.0609792991186167,0.0880307945348333,0.0586297727460006,0.0481199704491969
1887,0.0289385533281598,0.0734444393839668,0.0790222488618697,0.0874930362386044,0.0584023355392618,0.0845288328703746,0.056181442997649,0.046180885291321
1888,0.0278764163873136,0.0708747467832837,0.0759006937568664,0.0837855599093705,0.0559477315141992,0.0812126764710298,0.0538281970211218,0.0443461285618818
1889,0.0268762493708244,0.0683680462420707,0.0728452249096186,0.0802163795282585,0.0536044089350706,0.0779984611027425,0.0514641760475001,0.0426560798807458
1890,0.025950821255546,0.0659954635585498,0.0699461116789658,0.0767934847201561,0.0514077093286272,0.0748926664768952,0.0493265922521106,0.0410305247430605
1891,0.0251173568661667,0.06371465339045,0.0671657578969819,0.073468134853367,0.0492812752879602,0.0718856310689512,0.0473825274851441,0.0394356585149132
1892,0.0243138327785135,0.0615896426304036,0.0645687138280874,0.0703652448687546,0.0472895956653825,0.0690870773848995,0.045499656011034,0.0379532914368991
1893,0.0235615439529171,0.0596170244820016,0.0621264365512793,0.0674562430147625,0.0454753777812643,0.0664709413043137,0.043728156725724,0.036584146107406
1894,0.0228913548205429,0.0577425197016053,0.0597924100214245,0.064699651811435,0.0437829849682268,0.0639074243837554,0.042136550629349,0.0353414896784225
1895,0.0222900324839944,0.0559716840192215,0.0576502535245995,0.0621072934590716,0.0422101896644565,0.061487324520826,0.0405539678046047,0.0341289561057189
1896,0.0216835358121668,0.0542882852226909,0.0557077049679848,0.0596971001483653,0.0407396881131311,0.0592420284097657,0.0390270809703405,0.0330030856386286
1897,0.0211455011189246,0.0527378835107758,0.0538718228918158,0.0574854273731503,0.039331575287788,0.0571747972065132,0.0376893330663613,0.031984917466037
1898,0.0206988380492979,0.0512848948529315,0.052199844443372,0.0555236285938765,0.0380404121330377,0.0552682579466317,0.0365070891198513,0.0311083405097179
1899,0.0202492447855849,0.0499482909361115,0.0506038139330078,0.0535958209838297,0.0368805522780893,0.0534462736512399,0.0353828137855673,0.0302321565880906
1900,0.0198033741972323,0.0487979863037836,0.0491568283606199,0.0518177223848304,0.0358297757303747,0.0518377088323787,0.0344434081292697,0.0294350187251714
1901,0.0194333374700276,0.0476748302977883,0.0478136735341402,0.0501923362090698,0.0348217085368161,0.0503110768681509,0.0335145710258412,0.0287010357791285
1902,0.0191457778449271,0.0466250320924967,0.0465736689285638,0.0486891572359898,0.0339969581821091,0.0488579215157115,0.0326219111243823,0.0280099674812908
1903,0.0188438215032117,0.0456586167035487,0.0454458773211672,0.047306484508634,0.033176955098389,0.0475167206899579,0.0318319596855158,0.0273957163028084
1904,0.0185884163997704,0.0447807404793685,0.0444984947493959,0.0461188430945066,0.0323604147442566,0.0463401055706975,0.0311476705064137,0.0269099700677047
1905,0.0183406642487515,0.043981691806504,0.0435675645052435,0.0450485685238547,0.0315782896387769,0.0452771289852481,0.0305218153916313,0.0264026185439132
1906,0.0181039402666399,0.0432538585758669,0.0427293508663609,0.0440373617965491,0.0309634557290377,0.0442575890074118,0.0299240832752353,0.0259522165101715
1907,0.0178502332385969,0.0426237901291397,0.0419938875505873,0.0431049151492731,0.0305094064064003,0.0432965041969275,0.0294057943694869,0.0255429343408025
1908,0.0176551658492135,0.0420291593242786,0.0413082139062846,0.0422521310334873,0.0300165278114877,0.0424382932312483,0.0288944607434478,0.0251914221929933
1909,0.0175073931018004,0.041512130584183,0.0406892550387042,0.0415541859640731,0.0296122931722682,0.0416985730999502,0.0283844399850454,0.0249433193402831
1910,0.0173631718639368,0.0410192654414681,0.0401444255599453,0.0408281166014696,0.0292137930841931,0.0409930214804692,0.0279727619367383,0.0246212506016191
1911,0.0172606664295958,0.0405929231171247,0.0397320111995729,0.040093917162291,0.0288144685127457,0.0403528907680525,0.0276567026209148,0.0242670149790416
1912,0.0171356892242484,0.0401774297691851,0.0392670054112289,0.0394902206426875,0.0284684641226422,0.0397783599917058,0.0273319164393414,0.0240035607912653
1913,0.0170051885856269,0.0397823980208805,0.0388114108504669,0.0389623955198786,0.0281889919450793,0.0393002342579341,0.02705824701718,0.0237634048935078
1914,0.016890691131674,0.0394354281182396,0.0384188165629511,0.0384739950662174,0.0279205518704941,0.0388277680103782,0.0267963378773526,0.0235187004613381
1915,0.0167601451611993,0.0391374134432119,0.0380307385009698,0.0380978905292499,0.0276823096697076,0.0383987464036213,0.0265240592365881,0.0233090891193202
1916,0.0166697757687686,0.0388518375295224,0.0376664734184278,0.0377688782208869,0.0274607346246375,0.0380299706447181,0.0262987176523504,0.0231614719215306
1917,0.0165843503048656,0.0385822061198611,0.037397636899275,0.0374175823484454,0.0272391636152108,0.0376655130133381,0.0261238233140003,0.0230383636683169
1918,0.0165162567058066,0.0383287172025468,0.0372666110093427,0.0370495584092856,0.0270279822745236,0.0373026701181809,0.0260284322227294,0.0229301720376268
1919,0.0164632661122798,0.0381410421052708,0.0370541852436864,0.0367647023740911,0.0268581498315112,0.0370006130500325,0.0258847373271369,0.0227889086705864
1920,0.0164369576575352,0.0380111945964106,0.0368386376572894,0.0365368725446371,0.0267235362299775,0.0367690643744113,0.0257654062433388,0.0226968332970632
1921,0.0163941730659144,0.0378472344105459,0.0366668189223909,0.0362999572574847,0.0265561273876246,0.0365130154808952,0.0256407890408192,0.0225956646260267
1922,0.0163591442479316,0.0376977274322541,0.0365026315779125,0.0360762148421051,0.0263607276846795,0.0362437622172947,0.0254840527039088,0.0224034718613863
1923,0.0163298040913077,0.0375942132242292,0.0363510510827358,0.0359147453770885,0.0262597438119465,0.0360499197528425,0.0253676168127538,0.0223010257161535
1924,0.0162998384148568,0.0375013504395461,0.0362371024668384,0.0358137514946368,0.0261908931870565,0.0358953094646768,0.0252684295930043,0.0222923876680712
1925,0.0162646952335717,0.0374026117120484,0.0361406612860558,0.0356742517247593,0.0261146538279966,0.0357473135374736,0.0251907381620836,0.0222574754582312
1926,0.0162249886644514,0.0373077608090449,0.0360701688805656,0.0355222098680628,0.0260964524772313,0.0356611167621763,0.0251523527254217,0.0222187957855121
1927,0.0162005048935588,0.0373082428544173,0.0359579451427797,0.035462430749969,0.0261300573078381,0.0355781821457877,0.0251170348562608,0.0222118382022682
1928,0.0161922217255268,0.0372824964493804,0.0359069081258954,0.0353946759342298,0.0261002186897585,0.0355141947622535,0.0250410250079551,0.0221953064712296
1929,0.0161962298304549,0.0372171846907513,0.0359033857959802,0.0352936386811459,0.025983562907582,0.0354443080148958,0.0249218196765604,0.0221704911393718
1930,0.0161806563483531,0.0372135053125747,0.0358940633471003,0.0352461280657078,0.0259803210902451,0.0354037031836682,0.0249058734368444,0.0221862087728236
1931,0.0161693526537591,0.0372978180294114,0.0358976527143087,0.0352875724654144,0.0260612955415339,0.0353894813394765,0.0249040092768313,0.0222418949773201
1932,0.0161721750090408,0.0373201992075378,0.0359101220115127,0.035280706199832,0.0260596783397893,0.0354015592782298,0.0249088391816834,0.0222576699531428
1933,0.0161511882346139,0.0372992331152275,0.0359374099365477,0.0352039901675611,0.0260135506781794,0.0354095032278157,0.0249943175646475,0.0222712169123531
1934,0.0161566200466456,0.037337191840661,0.0359715213946346,0.0352298082015289,0.0260540486057602,0.0354686473181799,0.0250628299321749,0.0223015413051232
1935,0.0162098614874846,0.0373979249797912,0.0359740626727156,0.0353327480659303,0.0261370018354688,0.0356229930052203,0.0250989028748173,0.0223004449795844
1936,0.0162433324959964,0.0374527877809122,0.0360496143236442,0.0354078846746505,0.0261629155613338,0.0357244012788982,0.0251580043541339,0.022331156551339
1937,0.0162736111207829,0.0375206244844964,0.0361621335406568,0.0354987420331858,0.0261916290226755,0.0358207198986484,0.0252357673370217,0.0223825618858985
1938,0.0162996952493597,0.0376252069166116,0.0363347227474853,0.035624630232681,0.026283824449109,0.0359270844205652,0.0253707869651864,0.0224724377783782
1939,0.0163197356594801,0.0377194155412678,0.0364379821668608,0.0357737381534651,0.0263392547271056,0.0360222324594176,0.025455409007323,0.0225537341471436
1940,0.0163222557300269,0.0377909917217742,0.0365533103384173,0.0359350803196168,0.0262936466444332,0.0360652890491738,0.0255093044698961,0.0226486799064394
1941,0.0163577161647732,0.0379032259034091,0.0366847351615086,0.0360783706727029,0.0263611027301673,0.0361859637436086,0.0255957193359533,0.0227320720675977
1942,0.0164031997689692,0.0380496093589862,0.0367642612791671,0.0362727944022224,0.0265172462440821,0.036343212161645,0.0256845513295847,0.0228247345375426
1943,0.016445760303231,0.0381936477692685,0.0368983146935107,0.0364250491372494,0.026645356154732,0.0365048140323696,0.0257871634002811,0.0229119214356236
1944,0.0165186712913893,0.0383395039231904,0.0371196917869522,0.0364676005894951,0.0268005218267919,0.0366926424254139,0.025900413819436,0.0229745546489864
1945,0.0165686808126525,0.0385081899314292,0.0372881332828834,0.0366354104938486,0.0269270869670187,0.0368948168438924,0.0260276359548008,0.0230661688621393
1946,0.0165814682241525,0.0387136692789531,0.0373852732603674,0.0368830904220191,0.0270377966784859,0.0371188395993228,0.0262001491700395,0.0231720120754058
1947,0.0166281098413047,0.0388974303366595,0.0375658001034697,0.0371088563420848,0.0271725579731657,0.0373417841200478,0.026327046870325,0.023285080361829
1948,0.0166861223361332,0.0390809315108558,0.0377773236239401,0.0373549535829325,0.0273111169631494,0.0375742954180096,0.026440987840551,0.0234081986908903
1949,0.0167604075372346,0.0392702672165703,0.0380318472403607,0.0376580185542628,0.0274259658380697,0.037834880520699,0.0265403965886636,0.0235529031776494
1950,0.0168151577358428,0.0394660312570016,0.038228194673387,0.0379335235454837,0.0275871232239539,0.0380691261661494,0.0266715933789658,0.0236761856075813
1951,0.01687520469095,0.0396463866597701,0.0384224384490671,0.0381862907706722,0.0277889804256607,0.0382777068227333,0.0267772032365075,0.023799017134351
1952,0.0169403327588337,0.0398538645390545,0.0386743445477015,0.038469736845994,0.0279781657049987,0.0385318225222372,0.0269215053318231,0.023921623404738
1953,0.0169868625624474,0.0400848227311765,0.038931192234312,0.0388124952828805,0.0282087377507849,0.0388024527032122,0.0271054846247023,0.0240152757496191
1954,0.0170561432740849,0.0403148110810329,0.0391623802330641,0.0390846988536881,0.0283713790987624,0.0390731276956334,0.0272919157698247,0.0241575492125809
1955,0.0171623117701105,0.0405590965053517,0.0394377336421866,0.0392724847571023,0.0284566279886839,0.0393598955305866,0.0275113516558313,0.0243395055697964
1956,0.0172407462944867,0.0407931803096756,0.0397125065374802,0.0395664377687455,0.028637344070034,0.0396603884556343,0.0276877824413857,0.0244959227860338
1957,0.0172947883060438,0.0410247320847969,0.0399259626857325,0.0398921619789555,0.0288361096413804,0.0399792041878104,0.0278549536182119,0.0246717901067049
1958,0.0173741079830001,0.0412659596280988,0.0401755928728158,0.040209244501845,0.0290265966513168,0.0402813822836056,0.0280337851398776,0.0248349823866204
1959,0.0174687574939479,0.0414917274943301,0.0404992598096691,0.0405849883968034,0.0292478057227547,0.040571929019577,0.0281851272176788,0.0249950875476666
1960,0.0175445737489877,0.0417474334174892,0.0408008087159892,0.0409745277704488,0.0295411368565766,0.0409048484701399,0.0283185446719694,0.0251083433958605
1961,0.0176372337081065,0.04200027181413,0.0410867451236313,0.0413311292998494,0.0297479198469246,0.0412223215119494,0.0285382625237007,0.0252770390542543
1962,0.0177659407820373,0.0422675228396151,0.0413151515940177,0.0416497415991226,0.0298591158942349,0.0415300648961878,0.0288565686529545,0.0254842927641789
1963,0.017842307250786,0.0425325575485413,0.0416344743930738,0.0419799280787999,0.0300932515794283,0.0418321696771003,0.0290582213296084,0.0256413830106087
1964,0.017870326448591,0.0427924198684206,0.0420284017065649,0.0423017124853479,0.0304028333223388,0.0421193905190699,0.0292106722525525,0.0257702167216327
1965,0.0179562007882243,0.0430728963157309,0.0423385410013964,0.0426557622711284,0.0306335094742517,0.0424589658563317,0.0294475146673458,0.0259500108107651
1966,0.0180553144377139,0.0433761711121208,0.0426261519194115,0.0429988056020353,0.0308803596857302,0.0428325977205585,0.0296819389255391,0.0261259203847819
1967,0.0181428053693821,0.0436655271522514,0.0429573398692837,0.043369722090135,0.0311163700451851,0.0431652246961641,0.0299035239629591,0.0263092547967592
1968,0.0182717632405981,0.0439510562961529,0.0432572945547642,0.0438057051034949,0.0312599181561413,0.0435104397867725,0.0302091209006691,0.026565788511045
1969,0.0183708722875001,0.0442536195785876,0.0435751009327862,0.0442030830462826,0.0314796496195771,0.0438679514339382,0.0304669221102771,0.0267678518530141
1970,0.0184138352400222,0.0445601164128662,0.043973261395251,0.0445675726174986,0.0317778278680124,0.0441665417151812,0.0306271183091141,0.0268775649062919
1971,0.0184923444654833,0.0448656032681341,0.0443286813406003,0.0449631684939742,0.0320440817251337,0.0445124431273405,0.0308391668880149,0.0270688116159409
1972,0.0185830534700159,0.0451775542875327,0.044664857183754,0.0453683267057106,0.0323107073130272,0.044889456746485,0.031072123954327,0.0272875197226627
1973,0.0186927148129364,0.0455139764517121,0.0449327219517597,0.0457739468506225,0.0325908529390824,0.0453456745133261,0.0313458104989596,0.0275474463048391
1974,0.0187921071161348,0.0458300499515846,0.0452999073952206,0.0461942573328001,0.032851101261027,0.0457334672008901,0.0316043651795177,0.0277524698640379
1975,0.0189028024126133,0.0461279811630063,0.0457281343036528,0.0466500628600108,0.0330733197032273,0.0461045565191947,0.0318612960804189,0.0279703339395424
1976,0.0190124300972753,0.0464490587683104,0.0460900161165463,0.0470768905604003,0.0333519021598784,0.0464912174638198,0.0321411063411103,0.0282022419308623
1977,0.0191127096848733,0.0467704963526372,0.0464403729418493,0.0474769460444387,0.0336745834680713,0.0468645684993863,0.0324556172552993,0.0284096525866225
1978,0.0192251802727921,0.0471081401898392,0.0468314462268523,0.0479113100425835,0.0339517138999151,0.0472518215285132,0.0327349140671605,0.0286122213766929
1979,0.0193591405235319,0.0474809510725474,0.0472044368784609,0.0483561341338346,0.0342195340994392,0.0476452567688232,0.0329989433814023,0.0288399190457953
1980,0.0194747084286259,0.0478234246148253,0.04758989982071,0.0488094234073302,0.0345120779445957,0.0480566528256223,0.0332900290942817,0.0290721556101686
1981,0.019574459979171,0.0481404415167247,0.0480364671005888,0.0492853164575455,0.0347862442151776,0.0484931502969116,0.0336049123029539,0.0292442659526539
1982,0.0196923219022425,0.0484894093719144,0.0484594872013033,0.0497628893478685,0.0350667410773121,0.0489062172824149,0.0338724362147001,0.0294723344701226
1983,0.019825704129939,0.0488381325234764,0.0488671927952464,0.050277494068922,0.0353837264909935,0.0492962241035268,0.0341118779901433,0.0297646721977789
1984,0.0199361562001321,0.0492018477272436,0.0492520905254527,0.0507190218921909,0.0357136827445755,0.0497311306670998,0.0343779854965062,0.0300910051175223
1985,0.0200517048867758,0.0495536733939152,0.0496412769745992,0.051210641402911,0.0359854916908549,0.0501717818130137,0.0346642669152623,0.0303157008439592
1986,0.0201752357061001,0.0499299776308229,0.0500294579498873,0.0517353287006496,0.0361704514894263,0.0506192236773018,0.0349185802396729,0.0304739605726131
1987,0.0202994820472448,0.0502915162877634,0.0504453780475628,0.0522212230724145,0.0364805429705364,0.0510555566509451,0.0352118586322653,0.0307187907910726
1988,0.0204202756200447,0.0506190389388583,0.0508470472362397,0.0526665355841286,0.0368455241764218,0.0515186936337526,0.0355837451563227,0.0309445068112213
1989,0.0205325577799015,0.0509805795101461,0.0512778090535025,0.0531773383944654,0.0371579378149058,0.0519594832300717,0.0358963291464144,0.0311790291519704
1990,0.0206291610147992,0.0513856621433882,0.0517758627088876,0.0537213954868952,0.0375159684190796,0.0523533904520145,0.0361682909097444,0.0315086555759291
1991,0.020760665321396,0.05175311970126,0.0522203426113632,0.0542269328603522,0.0378547376718617,0.0527856283788503,0.0364652303658229,0.031760493914694
1992,0.0209126885359716,0.0520903630889803,0.0526301669743199,0.0547610186498192,0.0381147804251966,0.0532526425610165,0.0367620933209614,0.0319058030748618
1993,0.0210427056190498,0.0524569799829069,0.0530683321722404,0.0552876061599187,0.0384316465643433,0.0537072232026324,0.0370694471263742,0.0321320442540773
1994,0.0211872731522066,0.0528136029081572,0.0535236873143906,0.0557865612943709,0.0388156411058697,0.0541673502561775,0.0373530705527225,0.0324027144087326
1995,0.021335233385314,0.0532005944470734,0.053944379502052,0.0562556648106303,0.0391923537271489,0.0546173971754721,0.0377064573176674,0.0326582532036484
1996,0.0214709090686085,0.0535715454177569,0.0543737430084006,0.056770362157562,0.0394979321063657,0.0550775716205004,0.0380389574347736,0.0328969957315508
1997,0.0215729694591466,0.0539581509372553,0.0547998958210005,0.0573330915998823,0.0397332474440516,0.0555412960813078,0.0383961843898113,0.0331501738642536
1998,0.0216955638961632,0.0543502538870368,0.0552587570983959,0.0578460695095604,0.0400708460322229,0.0559862732743049,0.0387070421034322,0.0334027447222802
1999,0.0218397607346631,0.0547269731149681,0.0557240824258482,0.0583475969027025,0.0404349564088859,0.056425949958302,0.0389734058249379,0.0336189065660507
2000,0.0219655095072818,0.0551178800214909,0.0561880397866968,0.0588482691070636,0.040747869750296,0.0568743376889625,0.0393075109216965,0.0338779324043601
2001,0.0220621214483365,0.0555473498584989,0.0567236198129736,0.0593183544908037,0.041095537070367,0.0573098607645416,0.03969256650208,0.0342031842090074
2002,0.0221906392707514,0.0559494971648255,0.0571708128673674,0.0598165538120492,0.041440931204804,0.0577619780378533,0.0400005918529146,0.0344604752883437
2003,0.0223409241920785,0.0563370295244969,0.0574975481397967,0.0603233943598913,0.0417142173184991,0.0582471825807185,0.0402778242675931,0.0346790762839307
2004,0.0224798280512916,0.0567271547548559,0.0579420899659706,0.060839280980145,0.0420259904493092,0.0586956475512057,0.0406155431937209,0.0349196980191933
2005,0.0226310811509191,0.0571057641211737,0.0584504498904411,0.0614034121000225,0.0424228866380197,0.0591248163857673,0.0409343565148318,0.0351064872744341
2006,0.0227700015894951,0.0574935042189776,0.0589001143846727,0.0619163654124159,0.0427649443718015,0.0595549520617059,0.0412385482405851,0.0353589167779973
2007,0.0228959282155583,0.0578866805620868,0.0593525321940799,0.0624148340202688,0.043058966629523,0.0599626843041874,0.0416034294109827,0.0356684749583187
2008,0.023024003975653,0.0582772996347081,0.0598709354089051,0.0628745664450611,0.0433416985955461,0.0603796900655648,0.0419760573004421,0.0359871136853065
2009,0.0231517717250643,0.0586621356455858,0.0603179551841607,0.0633753882516441,0.043684280577186,0.0608063832654321,0.0422732224842565,0.0362628188315937
2010,0.0232770230507103,0.0590466825646803,0.0606533752483394,0.0638510257315762,0.0440653044824606,0.061256247853284,0.0424494915292237,0.0365473800491954
2011,0.0234106750802601,0.059438382214078,0.0611033440203954,0.0643656098894469,0.0444052686278932,0.061680076943171,0.0427609181009112,0.0368231784176902
2012,0.0235346471592286,0.0598299735150827,0.0616445817552018,0.0649379031809789,0.0447724610445673,0.0620871169750794,0.0431360805531856,0.0370508648731828
2013,0.0236829011928015,0.0602174477444788,0.0620891636169436,0.0654701318535812,0.0451069678788827,0.0625114849979778,0.0434473744110306,0.0373179210532956
2014,0.0238689362727672,0.0606115315299736,0.0624832326811975,0.0659919428671601,0.0453642781695966,0.0629572184453386,0.043775766873535,0.0376460621884184
2015,0.0240147521859946,0.0610002914556955,0.062954638691217,0.066507025345192,0.0457000160165304,0.063350115350358,0.0440947135572378,0.0379086576824824
2016,0.0241556074519447,0.0613727180622066,0.0634430359854497,0.0670112158661231,0.0461198994274103,0.0636796157422348,0.044325220703481,0.03812301742157
2017,0.0242909827648918,0.0617563912335953,0.0638862498244988,0.0675141581539356,0.0464525679532765,0.0640980261661485,0.0446469321837119,0.0383603884686293
2018,0.0243776748029774,0.0621720237342744,0.0643862914355081,0.0680235400495783,0.046739823234107,0.0645775785489225,0.0450965373927949,0.0385899730837016
2019,0.0245026199112846,0.0625546285433715,0.0648456936814041,0.068517046950205,0.0470686925553123,0.0649801651995647,0.0454417832972491,0.0388155076718248
2020,0.0246539213353686,0.0629302617879301,0.0652165859807862,0.0690014725115849,0.0473482421660333,0.0653812195406268,0.0457348815302852,0.0390467943090152
2021,0.0248173696060011,0.0632689420341566,0.0655942380743663,0.0694746920999875,0.0476769891982411,0.0658220587984719,0.046058664276872,0.0392657759377758
2022,0.0249500302290996,0.063634510793787,0.0660283688020909,0.0699542663879584,0.0480148884283364,0.0662043137704393,0.0464065478163794,0.0395215720334347
2023,0.0250706018243474,0.0639866610608028,0.0665210541914399,0.0704131214081193,0.048422111335469,0.0664613566883161,0.0467197653183772,0.0397676491520171
2024,0.0252168136926084,0.0643478835572396,0.0669537324409433,0.070892437573628,0.048781824487373,0.0668310763276785,0.0470561376078899,0.0400430550533517
2025,0.0253602180484536,0.0647273946428381,0.0673643782089848,0.0714115627343017,0.0491366993369829,0.0672939646998573,0.0474860692153872,0.040401276182492
2026,0.0255019127583056,0.0651030679010553,0.067815315448603,0.0718699345094408,0.049447814825136,0.0676619290821812,0.047815114014493,0.0406733695301445
2027,0.0256823362035349,0.0654648859479663,0.0682888002864124,0.0722799448954816,0.04972132931458,0.0680064095730258,0.0480332986522937,0.0408977945299601
2028,0.0258206108920598,0.0658336045037871,0.0687162037396174,0.0727316895420733,0.050031172440747,0.0683518550773893,0.048342368997071,0.0411416905862998
2029,0.0258986335528423,0.0662444259314047,0.0691567027528591,0.0731700446277079,0.0503137239768092,0.0686436895716028,0.0486934200185412,0.0413533512036573
2030,0.0260235020708414,0.0666054744036558,0.0695893056558767,0.0736296615315038,0.050622844097874,0.0689560157089287,0.0490120629971797,0.0415955534807943
2031,0.0261504561967633,0.0669336142700022,0.0700141051492105,0.0741760818756046,0.0510064409310575,0.0692583781961772,0.0493666872206608,0.0418954033250981
2032,0.0263090287646258,0.06725163077454,0.0703466313855021,0.0746212629345591,0.0513297506595985,0.0696174131256325,0.049685243816688,0.0421250205193454
2033,0.0264812460970001,0.0676184705982863,0.070734843298787,0.075027313789677,0.0515679384026346,0.0699596568383371,0.0499231501168627,0.0423575319147898
2034,0.0266323870500861,0.0679658430904957,0.0711500933399295,0.0754375102083734,0.0518246618746809,0.0702529586943994,0.0501647259346292,0.0425724543795176
2035,0.0267688152316332,0.0683190104910024,0.0715373569374269,0.0758538589408924,0.0521249427279789,0.0705689031638805,0.0504614407195726,0.0428179958685045
2036,0.0268801906632169,0.0687147984730741,0.0718753541446845,0.0762398527431884,0.0524103168414863,0.070902348945809,0.0507864061779458,0.0430714466898841
2037,0.0270120922100979,0.069079211589586,0.0722985797757517,0.0766620074660053,0.0527264109593415,0.0712051025230344,0.0510841421445456,0.0433156546283863
2038,0.0271393700291603,0.0694034269570358,0.0727953062905153,0.0771333555666597,0.0531313287869654,0.0715028174279293,0.0514009589224247,0.043598140820953
2039,0.0272750755759323,0.0697458521917552,0.0732004060295402,0.077538736338066,0.0534531490789478,0.0717840887935479,0.0517127044122524,0.0438145262916865
2040,0.0274212583589035,0.0701063940906568,0.0736068435773994,0.0778960623507005,0.0537262001263853,0.0719970735613762,0.0519967917711867,0.0439569354805342
2041,0.0275674730376163,0.070455903523245,0.0739956344097554,0.078298690983931,0.0540161574670571,0.072281612017149,0.0522981234289476,0.04416904186376
2042,0.0277290311648287,0.0707990376742061,0.0742998195846223,0.0787016987835434,0.0542858276179118,0.0726307221626887,0.052634245181853,0.044366169993306
2043,0.0278633782457385,0.0711386330974648,0.0746477630766224,0.079101629689481,0.0545723251900781,0.0729190739754193,0.0529537738962401,0.044592430893262
2044,0.027982836976158,0.0714928120098152,0.0750082397843459,0.0795191947207159,0.0548335014279191,0.0732093577440454,0.0532802711411723,0.0448488032512442
2045,0.0281081476958324,0.0718087253695159,0.0754127442871079,0.0799433402379621,0.0551692914322414,0.073512855538386,0.0535668574649681,0.0451614636032608
2046,0.028224461844534,0.0720966607909814,0.0757698989894862,0.0803399342012279,0.0554995711319264,0.0737531355256601,0.0537925236593235,0.0453786758816943
2047,0.0283561936337151,0.0724228125847236,0.0761303308818796,0.0807274668782633,0.0557695116937106,0.0739353138278734,0.0540803944162531,0.0456441682856687
2048,0.0285077466615566,0.0727623836808123,0.0765109075425423,0.0811614601414943,0.0561036163798458,0.0741900181202706,0.0543980605210782,0.0459307384606818
2049,0.0286456383000031,0.0730765316607168,0.0768926688479349,0.0815644901887937,0.0564079455923434,0.074495347485317,0.0546371954072966,0.0461161033247278
2050,0.0287817097070001,0.0734110981655917,0.0772705516821723,0.0819488026779351,0.0567030551889593,0.0747665603624502,0.0549222409798975,0.0463611397250069
2051,0.0289046267248657,0.0737676738397713,0.0776446495956116,0.0823079889122201,0.0569915776245961,0.0750433886089156,0.0552765209663953,0.0466521857910747
2052,0.0290353960607074,0.0741098639822406,0.0780266334060515,0.0826976400509254,0.0573109652555168,0.0753140825633409,0.0555664291172292,0.0468869160938064
2053,0.029163489788941,0.0744618535305876,0.0784171907072725,0.0830781578960429,0.0576380935630459,0.0755810762595238,0.0557769433350143,0.0470768708525748
2054,0.0293101619152493,0.0747906565048627,0.0787881440462817,0.0834709791211782,0.0579362962704932,0.0758257896732502,0.0560821065623909,0.0473335933712044
2055,0.0294811342092178,0.0750882142056377,0.0791459216676585,0.0838924502039879,0.0582497225989765,0.0760525742521123,0.0564408337148791,0.0476213937707705
2056,0.0296216861468481,0.0754201916997437,0.0795496078369677,0.0843027263150818,0.0585397749254943,0.076308357303171,0.0567572295312759,0.0478496557426685
2057,0.0297396337875819,0.0757590710346427,0.0799843464783648,0.0846896534473938,0.0587649865766967,0.0765435483036431,0.0571235969894723,0.0480688569830781
2058,0.0298850805217879,0.0760884942286424,0.080367086309279,0.0850897183443911,0.0590371931361126,0.0768097116938694,0.0574424195719034,0.0483095252384024
2059,0.030036750048102,0.0764352602648176,0.0807575538781547,0.0854982057441672,0.0593243254286299,0.0771671701388386,0.0577013075246256,0.0484904550986817
2060,0.0301753176650196,0.0767846417479062,0.0811153538264036,0.0859326549400574,0.0596492564042985,0.0774088709273125,0.0579513465727987,0.0487473739462133
2061,0.0303198543678528,0.0771146442450261,0.0814476973898338,0.0863493606331118,0.0599535878701786,0.0776261901646111,0.0583001434933205,0.0489811937577754
2062,0.0304916964103138,0.0774440096435813,0.0818634802444546,0.0867618458019734,0.0602414084392917,0.0779226416988106,0.0586011040441641,0.049208323968802
2063,0.0306417707535093,0.0777649274302464,0.0822674299419007,0.087168866314343,0.0605475121253815,0.0782026060822066,0.0588796968431314,0.0494626365691406
2064,0.0307609827597085,0.0780882689954589,0.0827311129206751,0.0875786308373554,0.060857751353208,0.0784997767545075,0.0591607663045975,0.0496885941353454
2065,0.0309092192115138,0.0784112028797396,0.083139943261226,0.0879666251894332,0.0611501718436971,0.0787457966567046,0.0594646734502372,0.0499290742198318
2066,0.0310773288024643,0.0787071805584467,0.083504865659772,0.0883415255676108,0.0614402557135472,0.0789425086022597,0.0597140981369663,0.0502329821623008
2067,0.0312313789446664,0.0790356026821542,0.0839095383843668,0.0887132924517094,0.0617483452055093,0.0792091252286381,0.0600204884259105,0.0504800728030598
2068,0.0313916514578596,0.0793987080899991,0.0843442608696928,0.0890544012394315,0.0620533139564331,0.0794975447668145,0.0604160264799373,0.050665949032753
2069,0.031533980461075,0.0797397880753584,0.0847559207160109,0.0894275969959992,0.0623532484250069,0.0797448621125486,0.0607447947566347,0.0508900282476965
2070,0.031651609536454,0.0800817044732418,0.0851744096141772,0.0898019241871263,0.062652764730163,0.0800405516764224,0.0610173169985271,0.0511294067695729
2071,0.0317942086529525,0.0804165708829136,0.0855779140456398,0.0901916644593383,0.0629707308291989,0.080314650710652,0.0613486787839875,0.0513735801217455
2072,0.0319381279845516,0.0807358773880282,0.0859610073794579,0.0905771793481604,0.0632692332606865,0.0805422451278939,0.0617259616912291,0.0516205480071645
2073,0.03208596549993,0.0810643367248821,0.0863287293719583,0.0910329181699425,0.0636222001244459,0.0807103568728171,0.0620609368604507,0.0518703346633118
2074,0.0322347890959264,0.0813918310479522,0.0867247987630982,0.0914968011191593,0.0639630698212109,0.0809738129341132,0.0623641565827623,0.0521513241842346
2075,0.0324044571952255,0.0817277506516798,0.0871581848813221,0.0919119645307368,0.0642990904952906,0.0812876293836874,0.0626648798370657,0.0523941766151121
2076,0.0325744822457988,0.0820821389707896,0.0875985145243409,0.0923252773340869,0.0646018350010836,0.0815512531973462,0.062923075972937,0.0526579526482898
2077,0.0327311776450728,0.0824199328423744,0.0880026454324721,0.0926972445115165,0.0648302912345934,0.0818355330804655,0.0631785179136094,0.0529266439302819
2078,0.0328839270388473,0.0827715425732391,0.0883979272708228,0.0930701517062966,0.0651327736415218,0.0821127260623463,0.0634932545527306,0.0531904080359445
2079,0.033043600676495,0.0831464630551396,0.0887510685989674,0.0933847868340716,0.06546356231895,0.0823847754926954,0.0639088644283357,0.0534560269214119
2080,0.0331962946531828,0.0834905007319747,0.0891602055084929,0.0937745182268007,0.0657776947757442,0.0826466018199258,0.0642210089178766,0.0537172006139374
2081,0.0333256407403855,0.0838203536647205,0.0895999248378294,0.0942023817729196,0.0661204380235046,0.0829030655800008,0.0644708209708513,0.0539819194713078
2082,0.0334703889636008,0.0841624189580105,0.0900095028691382,0.0946022324121866,0.0664537005902797,0.0831831251874818,0.0647965775899369,0.0542280891432148
2083,0.0336076353241984,0.0844876919957799,0.0904204822121896,0.095013183832094,0.0667551998819699,0.083469835739359,0.0651307800285187,0.0544537304888377
2084,0.0337865621651662,0.0848205336481436,0.0908462061740964,0.0954337283913263,0.0670716739840158,0.0837581719562208,0.0654340444200844,0.0546880683232274
2085,0.0340200501957252,0.0851782899746348,0.09127794965816,0.0958641144869112,0.0674085480041424,0.0840682897709012,0.0658044307078524,0.0549298454940303
2086,0.0341952952013711,0.0855155671842411,0.0916736388394156,0.0962678967650587,0.0677398654765506,0.0843461445087334,0.0661218208617016,0.0551505028854598
2087,0.0343738860886907,0.0858271908411674,0.0920609682010182,0.0966616953943745,0.0680475203421519,0.0845746555292609,0.0663435033765953,0.0553406258969559
2088,0.0345417338382279,0.0861606761195122,0.0924689416442016,0.0970672229333446,0.0684102582486794,0.0848825123407566,0.0665997085592692,0.0555596898337833
2089,0.0346327383905397,0.086499950514288,0.092863086642685,0.0974696308659667,0.0687648899054513,0.0851492041231294,0.0669507265018845,0.0557876680417818
2090,0.0347631220372596,0.0868304254043381,0.0932047387078866,0.0978739847494012,0.0690667964169787,0.0854200527255134,0.0673166256711048,0.056051594469241
2091,0.0349797850049646,0.0871818755129989,0.0936035869014106,0.0983578635114859,0.0693698230208544,0.0857256884340942,0.0676620711112365,0.0563864064792034
2092,0.0351497857186925,0.0875460159561912,0.0940373899173572,0.0987984274992794,0.0696747583712941,0.0859623363575343,0.0679467479039356,0.0566835497021417
2093,0.0353177743051392,0.0879101538784224,0.0944395001210537,0.0991879956836466,0.0700023132036099,0.0862600201187238,0.0682650137084262,0.0569555833798417
2094,0.0354989310193471,0.0882919814872643,0.0948095194474766,0.0995000450568546,0.0703656380721385,0.0866092298388984,0.0685316800736271,0.0571967946784747
2095,0.035664423454974,0.0886388513933113,0.0952327977435024,0.0999165700655187,0.0706880106334016,0.0869142436484697,0.0688568367897684,0.0574661924257552
2096,0.0357962104419657,0.0889694459084185,0.0957006234822457,0.10034943555606,0.070984347550309,0.0872116823264473,0.0692811204859381,0.0577290337328049
2097,0.035956815703492,0.0893275881756802,0.0961015913225557,0.100747101752323,0.0713193242659136,0.0875113922347868,0.0696088553606681,0.0580074912090936
2098,0.0361298415296975,0.089677855596985,0.0964834792559798,0.101203009024952,0.0716376131539929,0.0877572023546945,0.0698346979883682,0.0583103862434669
2099,0.0363068939466322,0.0900296954581878,0.0968956699906087,0.101619531404049,0.0719856502687712,0.0880581377636353,0.0701525785675274,0.0585913441242237
2100,0.0365046059135404,0.0903953947669753,0.0972808001381598,0.101933172202601,0.072430976353126,0.0884582672748783,0.07050471005984,0.0588458649345512
2101,0.036674085886443,0.0907583513235019,0.0976630576849942,0.102329321324396,0.0727854201899323,0.0887723987920316,0.0708307859380778,0.0591075298921643
2102,0.0368467977028502,0.0910986656819873,0.0980615221252824,0.102807704219648,0.0730970537041096,0.0890851904128164,0.0711620213710438,0.0593344681570456
2103,0.0369873784248916,0.0914820687819257,0.0984893137708231,0.103228609883819,0.0733870326904516,0.0893238818061937,0.0715787110788129,0.0596820438117728
2104,0.037128798205189,0.0918536307324024,0.0988537576009753,0.103613048120793,0.0736987430262173,0.0895138858093623,0.0719464466528316,0.0599423853450404
2105,0.0372902624199204,0.0922188505282229,0.0992531019280887,0.10405836801768,0.0740174559362001,0.0897766097139615,0.0722424782426487,0.0601617048575362
2106,0.0374741994181574,0.0925660117091868,0.0997480358652746,0.104482697530949,0.0743380431994889,0.0901071506671921,0.0725727889058062,0.0604661514792299
2107,0.0377043189985464,0.0928989059243698,0.100164429324564,0.104869822205088,0.0746582476840121,0.0904588689839316,0.0729481676403845,0.0607529912102332
2108,0.0378856637725232,0.0932574121472928,0.100574600989601,0.105282684668649,0.0749985061750864,0.0908151108862668,0.0732858019903693,0.0610348596755635
2109,0.0380325524731467,0.0936351736105232,0.100971815355017,0.105718713130149,0.0753074657760589,0.0912268488627349,0.0735615865499222,0.0613716637491765
2110,0.0382259253205315,0.0940015285851597,0.10139541399979,0.10614916458055,0.0756551967085518,0.0915521780099622,0.0739054947030373,0.0616532120425951
2111,0.0384277145154206,0.0943754019952008,0.101795532435148,0.106572291425011,0.0760956142301727,0.0918327328719842,0.0743257814336023,0.0618570251289863
2112,0.0386206277562405,0.0947444006685777,0.102215725100467,0.10700162078399,0.0764562546405414,0.0921748721409966,0.0746506143311215,0.0621257416565474
2113,0.0388677485822492,0.0951010951906023,0.102661062598064,0.107431556742212,0.0767578669013925,0.0924784844842845,0.0749059878279761,0.0624329823302968
2114,0.039059260231003,0.0954670806534265,0.103102577107273,0.107861174047265,0.0770988073424709,0.0928379381822785,0.0752677849037112,0.0627025358932841
2115,0.0391748762933058,0.0958418131857402,0.103562317108779,0.108297530409389,0.0774221417313381,0.0933252914714993,0.0756621735548228,0.0629749084001888
2116,0.03935060695015,0.0962165274890593,0.103991362746768,0.108749663865276,0.0777572884666841,0.0936950727716094,0.0759888107915626,0.0632557086260928
2117,0.0395449447485861,0.096591543340166,0.104437842905105,0.109201679487617,0.078113784931939,0.0939838507681278,0.0763247049560376,0.0635289049917648
2118,0.0397253906620746,0.0969691843827797,0.104833071137188,0.109677931060772,0.0784861055428718,0.0943266784889403,0.076740968616387,0.0637613400727427
2119,0.039966494561006,0.0973701234315926,0.105169645076816,0.110207502987341,0.0788392002390885,0.0947854361320569,0.0769813262550805,0.0640758054817653
2120,0.0401799716035393,0.0977564837076061,0.105520988368299,0.110628218719005,0.0791633493421229,0.0951268289024179,0.0772110284005431,0.064378960966212
2121,0.0403079879663081,0.0981129902372941,0.105942280626406,0.111033646915637,0.0795169514488436,0.0953989492516672,0.0776297764141167,0.0645881709574621
2122,0.0405088438043295,0.0984933766475212,0.10638997052109,0.111531509089878,0.0799429523857177,0.0957525166564286,0.0779603721039367,0.0648803585462297
2123,0.0407240066436837,0.0988972757023736,0.106806889383358,0.112000352276292,0.0803110682314484,0.0960123759041907,0.0782207992261148,0.0651807434228181
2124,0.0408669295177078,0.0992575604095869,0.107239360228619,0.112430219713651,0.0806694492196884,0.0962192974271212,0.0785743780436705,0.0653924791086701
2125,0.0410391107904689,0.0996097476991575,0.107639563076122,0.112887827099037,0.0810071421642782,0.0965484916443534,0.0789223149770944,0.0656902386949287
2126,0.0412409847920683,0.099962812887732,0.107960899242512,0.113384555628555,0.0812758152281394,0.0970472169694073,0.0792412701028652,0.0660760532622905
2127,0.0414228427766942,0.100326363192423,0.108336069938256,0.11382779616138,0.0815862138310626,0.0974174717521915,0.0795571383539799,0.0663826973267644
2128,0.0415798971145022,0.100660142846962,0.108751908956424,0.114264871797392,0.0819018948622244,0.0977426751379126,0.0799380909760768,0.0666905671083028
2129,0.041755188233847,0.101003423304663,0.109130172572587,0.114661149247455,0.0822464527700213,0.0981065870473542,0.0802747220061893,0.0669474876498493
2130,0.0419496971722793,0.101393364645243,0.109491203806218,0.114981379627731,0.0826595865465343,0.0985015699335636,0.0805327328815562,0.0671069999477091
2131,0.0421169226359816,0.101735071028433,0.10987700225631,0.115367430779792,0.0829785838789463,0.0988309443935903,0.0808357773033605,0.0673647899613551
2132,0.0422545092381625,0.1020103125745,0.11027626060306,0.115760255781516,0.0832497516158503,0.0991264866395652,0.0811902927970711,0.0676908612761883
2133,0.0424296205962567,0.102341869610017,0.110644228024565,0.116159313333235,0.0835507996622418,0.0994602337028047,0.0814950979487499,0.0679485200778005
2134,0.042639667762954,0.102719966693493,0.111017743426552,0.116611179154177,0.0837887442273546,0.0997881949933554,0.081752948788408,0.0682732719042964
2135,0.0428032399921629,0.103035330877469,0.111344086919926,0.117019511227881,0.0840636768871561,0.100030953137863,0.0820582107908727,0.0684395502392635
2136,0.0429631128241777,0.103340275861031,0.111722273455023,0.117439765523956,0.0844480261005698,0.100417105707154,0.082342233971811,0.0685415462790053
2137,0.0431091451674519,0.103666547513088,0.112105067776449,0.117854226213064,0.0848006051448306,0.10080477223628,0.0825871924124762,0.0687270488011987
2138,0.0432432400476834,0.103963654204638,0.112449829828091,0.118200735995076,0.0851043111830394,0.101075301732059,0.0828853896209941,0.0690260384882853
2139,0.0433920432296753,0.10425930874946,0.112830090368616,0.11856918900367,0.0853883500312284,0.101371253318054,0.0832291381440464,0.0693646491297077
2140,0.0435535056352775,0.104556776619322,0.113129708567018,0.118930247678603,0.085605376703509,0.101703299179044,0.0835104988403656,0.0696087620094417
2141,0.0437352839218166,0.104877801111053,0.113390863640662,0.119250501479377,0.0858120787999656,0.101967372542823,0.0837786046968842,0.0698559157123593
2142,0.0438797630911365,0.105173271851547,0.113692239241871,0.119629220784597,0.0860849478079201,0.102220066967465,0.084045193115087,0.0701072668460565
2143,0.0439738964162603,0.105430659051862,0.114033784038248,0.120124641153666,0.0864158381393615,0.102475844295666,0.0842589695742928,0.070289943841751
2144,0.0441213832682929,0.105705182234829,0.114313368491303,0.120481701218649,0.086680187683699,0.102764697522034,0.0844921852594483,0.0704887295004452
2145,0.0442839371780742,0.105987562610302,0.114553259924352,0.120733910469742,0.0869551718906762,0.102979844062057,0.0847332489829394,0.0707471889195774
2146,0.0444259392369236,0.106270120483714,0.114837887455343,0.121081672523006,0.0872329845467308,0.103283398186157,0.0849939684873919,0.0709629590662823
2147,0.0446074464338168,0.1065597791019,0.115115561145453,0.121418257008849,0.0874745136221176,0.103731459442719,0.0852786133656056,0.0710990470489831
2148,0.0447473527687774,0.106840260831526,0.115394920594528,0.121757006179763,0.0877156737413701,0.104046411816215,0.0855253278495191,0.0713037779888651
2149,0.044815863428619,0.107123109717585,0.115725161404439,0.12219257792252,0.0879674427015881,0.104301589106729,0.0857425162827376,0.0715626340074362
2150,0.0449499642318953,0.107385854290432,0.116015577761183,0.122579518872979,0.0882211043839047,0.104594266451902,0.0860177732656811,0.0717770940326004
2151,0.0451269960112503,0.107619305512069,0.116274703755671,0.122940906049872,0.0884505940978541,0.104862514613706,0.0863272530367472,0.0719992215391097
2152,0.0452488803053552,0.10787448643071,0.116519169660635,0.123204850043936,0.0886916774392067,0.105104198887767,0.0865822949953119,0.0721965237157395
2153,0.0454070586911224,0.108134211293873,0.1168036179466,0.123634111589112,0.088947291400087,0.105430431759262,0.0868280076412543,0.0723283037056207
2154,0.0455814552924028,0.108396270130073,0.117012035194401,0.123995424473963,0.0892269006026974,0.105786564705275,0.0870399474864175,0.0724868235572789
2155,0.04569396354656,0.108628784381235,0.117238011531348,0.124248973595708,0.0894477630848181,0.106086541980651,0.0871666197233828,0.0727134002675512
2156,0.0458246956658024,0.108830107640896,0.117563962155909,0.124624557167421,0.0896322822083239,0.106352476632827,0.0872680847806348,0.0729727228498623
2157,0.0459475868253832,0.109010771620935,0.117773865200395,0.124981140713244,0.089885799247512,0.106579853292877,0.0874316617816253,0.0731811324608408
2158,0.0460665949342025,0.109202341464169,0.118015009609402,0.125236032985852,0.0901038724747536,0.106786564568639,0.0876780148118189,0.0733437993787445
2159,0.0461734413835993,0.109407552550779,0.118265424008069,0.125497376023748,0.0903131043520449,0.107022508610107,0.087891108340345,0.0735014737364532
2160,0.0462562225447481,0.109642790454097,0.118480461053808,0.125784156246088,0.0905629891999466,0.107267109757019,0.0881101520725309,0.0735463966371713
2161,0.0463553390765384,0.109839788428586,0.118692282607456,0.126047527542058,0.0907469852554789,0.107505994375197,0.0883263053217175,0.0736879902984174
2162,0.0464381817524666,0.11001451029686,0.118999404966635,0.126220142086617,0.0907970346184017,0.107755916989788,0.0885632396814326,0.0739294207271563
2163,0.0465681170437158,0.110211938951452,0.119183750642622,0.12646441437838,0.0910187549896131,0.108005603190611,0.0887614233390365,0.0740836345207909
2164,0.0467582430723779,0.110411852943512,0.119192841789392,0.12679856650466,0.09136850273862,0.108238831477633,0.0889558251256635,0.0741505042081224
2165,0.0468909990453549,0.11060933355713,0.119383090511333,0.127051037663042,0.0915607766209089,0.108507615094026,0.0891390172419389,0.0743291158404812
2166,0.0470333151811919,0.110819482234729,0.119643976014271,0.127246049080314,0.0917636648128746,0.108814277644667,0.0892726354517829,0.0745893083482586
2167,0.0471426921668425,0.11101917918418,0.119840870949625,0.127498710085335,0.0919684686788282,0.109079125210464,0.0894360323929995,0.0747380150553153
2168,0.0471727774574507,0.111185198880591,0.120144446615433,0.127718300742719,0.091993516774188,0.109345654893156,0.0895743561685443,0.0749015938908105
2169,0.047255157056953,0.111381146091375,0.120376656141221,0.127958609343542,0.0921518815696486,0.109589712122342,0.089763917679605,0.0750533127196251
2170,0.0473677974982019,0.111591421235723,0.120529670568663,0.128207102061416,0.0924346633722028,0.109774990959891,0.0899986449172455,0.0750839368833553
2171,0.0474589294680294,0.111843142573848,0.120611635616064,0.128571044333707,0.0927302784622158,0.110031383200266,0.0902447783938471,0.0751572375987254
2172,0.0475457821439004,0.112022892254888,0.120805699915746,0.128834348079321,0.092880232483334,0.110275017414531,0.0904431935217082,0.0754003868832545
2173,0.0476611766712123,0.112183422284768,0.121096778752356,0.129160323862238,0.0930915076123342,0.110518951487773,0.0907187586622419,0.075632885872593
2174,0.0477692021872942,0.11234800476105,0.121297626341554,0.129494234562597,0.0932853340715409,0.110768577002497,0.0908447988425431,0.0757936422449259
2175,0.0478815140988714,0.112489400467462,0.121467984081461,0.129677863841398,0.0933718787117584,0.110991431013591,0.090887795268517,0.075884901517466
2176,0.0480016469982322,0.112674001111936,0.121708654444521,0.129865774431854,0.0935844310461348,0.111168444462997,0.0910759309358693,0.0759425980540194
2177,0.0481236887527223,0.11286173343441,0.121898476991612,0.130169292564375,0.0938481453203807,0.111379195513966,0.0912247155076214,0.0760986750627278
2178,0.0482280752511735,0.113021532277341,0.122096701912885,0.130435585361004,0.0940402215240316,0.111642729759767,0.0914157270034869,0.0762393668304369
2179,0.0482944491660872,0.113147019876998,0.122363150591918,0.130729062964712,0.0942281911713937,0.111962650629585,0.0917360121743511,0.0764319195211034
2180,0.0483982244625566,0.113295641496412,0.122555264972859,0.130964841376278,0.0943899898083635,0.112233108934041,0.0919417281107522,0.0765981778605603
2181,0.0485365959486924,0.113443876027794,0.122665108753725,0.131157861539219,0.0944572010058344,0.112543530284024,0.0920652345338394,0.0767746988377887
2182,0.0486345522959674,0.113603982210376,0.122838206713016,0.131398896152478,0.0946301775298726,0.112801128068546,0.0922437714629636,0.0769042890030845
2183,0.0487360290694065,0.113778351511946,0.123048107613374,0.131601857276434,0.0948798376489894,0.112956652626273,0.0924325127056148,0.0770266322299819
2184,0.048830218552997,0.113933834472682,0.123230238765657,0.131869220366816,0.0950529567256759,0.113214313957217,0.092570416401675,0.0771641043405296
2185,0.0488693170062005,0.114087422334398,0.123372261192198,0.132271389702456,0.0952295918970401,0.113573382470112,0.0926839217680057,0.0772113098098832
2186,0.0489355229003951,0.114233841052313,0.1235542870364,0.132541945101742,0.0954122119921823,0.113848156025497,0.0928401468585935,0.0773237556612102
2187,0.0490229236755637,0.11437795111079,0.123774914027932,0.132737522978846,0.0955112612095861,0.11409654277505,0.0929813079488428,0.0775547066466994
2188,0.0491162588752323,0.114514135189011,0.123955404651518,0.132999883973377,0.0956860042869846,0.114352993702609,0.0931229661404543,0.0776995614087772
2189,0.0492109793788103,0.114644799526108,0.124137053789386,0.133278191546127,0.0959454935391782,0.114551807650809,0.093306164546511,0.0777897650426801
2190,0.0493252690118884,0.114762755755413,0.124348598156408,0.133443913839278,0.0962040325345215,0.11478006397714,0.0934785043005773,0.0779497781079797
2191,0.0494629004426354,0.114879324225081,0.124466095271089,0.133717586686962,0.0963142754811961,0.115057866088043,0.0935884698168284,0.0780982259259835
2192,0.0495296912472779,0.114991660950015,0.124567587282312,0.134018431210162,0.0964381761675493,0.115369762165551,0.0937508150907113,0.0781211368479361
2193,0.0495419063897449,0.115137748114811,0.124813871459252,0.134248802771044,0.0965745591545592,0.115650095565902,0.0939210461765349,0.0782178118500051
2194,0.0496092123785642,0.115258450608709,0.125033293677771,0.134482675026473,0.0966349096861726,0.115791046470384,0.0939967773900525,0.0784107707594546
2195,0.0497513379590985,0.115329808251167,0.125201872922718,0.13475004289444,0.0968265469495664,0.115837246342972,0.0940629514036898,0.0785397979198849
2196,0.0498660556975986,0.115405894106489,0.125367692007839,0.134949558713328,0.0970284804413319,0.116034594304895,0.0941809695333318,0.0785558755208404
2197,0.0499308566838769,0.115511098926893,0.125524730846606,0.135107690284001,0.0971520016175568,0.116254703649584,0.0943308871746542,0.0786063979579623
2198,0.0500070883891072,0.115621077715724,0.125616418526525,0.135184770585114,0.0972118715456379,0.116532359527947,0.094565133366236,0.07859938662048
2199,0.0500795636716478,0.115708032214209,0.125743632656244,0.13538581388177,0.0973413591675915,0.116723933300588,0.0946851433256211,0.0786826804326224
2200,0.0500623701207023,0.115830939211752,0.125914122480404,0.135613407278276,0.0974702897435103,0.116950092743856,0.0947712811162699,0.0788140671247796
2201,0.050121750292297,0.11591037122504,0.126031099210113,0.135793772058422,0.0975676047565311,0.117125225883728,0.0948496042546573,0.0789264447825886
2202,0.0502750785507296,0.11591549471221,0.126114363649544,0.136028546890652,0.0976666471759406,0.117190580865623,0.09483947765578,0.0791043692064996
2203,0.0503378587620783,0.115969849494226,0.126192734365056,0.136214257627003,0.0977770068812508,0.117346067271198,0.0949113545323648,0.0791757216573663
2204,0.0503446236479605,0.116053562951851,0.126230059237682,0.136294127953399,0.0978788915292346,0.117589475182772,0.0950291488194303,0.0791447612119734
2205,0.0504000949303368,0.116121689413989,0.12632512894894,0.136453956915691,0.0979681774269224,0.117741352528145,0.0951559060776941,0.0792062177413849
2206,0.0504708414112808,0.116173797146285,0.1263952884903,0.136742048760744,0.0980708490790867,0.11779091797262,0.0953493179644075,0.0792833042194078
2207,0.0505091019969778,0.116255705805795,0.126515283635608,0.136902817245794,0.0981761444287245,0.117981123619345,0.0954442558380721,0.0793445637115336
2208,0.0505468408423911,0.116357842757516,0.126765800914094,0.136957023213909,0.0982379720733126,0.118268958972059,0.0954546213208485,0.0794537344176537
2209,0.0505845618679653,0.116440056977876,0.12692170950265,0.137090282972087,0.0983114037643939,0.11844520141683,0.0955566276694069,0.0795321288894873
2210,0.0505881334869243,0.116513431807852,0.127070417868945,0.137250800323951,0.0983935116351551,0.118666941457998,0.0956901268399257,0.0795783546583923
2211,0.050596094620168,0.116619545619952,0.127162317092303,0.137277762397838,0.0985440387661171,0.118805946831613,0.0957519311565178,0.0795972066215152
2212,0.050668946417852,0.116735227318972,0.127239743561322,0.13748919987231,0.0986210163528541,0.118934586236012,0.0958225042420242,0.0796548533639587
2213,0.050709882493262,0.116860045687813,0.127261247347426,0.137683443498942,0.0986195532810068,0.119106840945473,0.0959850310666496,0.0797273898392073
2214,0.0506923599811428,0.11705023478547,0.127364558164701,0.1377340957793,0.0986868133174489,0.119357214364072,0.0960299414248233,0.079811009793007
2215,0.0507430333393001,0.117228731744687,0.127584724238401,0.137939519824418,0.0988137795490558,0.119666824564309,0.0959794962970848,0.0798660275485915
2216,0.0508077603172859,0.117296915255891,0.127745017838833,0.138146962699765,0.098960445917587,0.119808743972733,0.09607737501161,0.0798589999705458
2217,0.050812092376949,0.117337951529678,0.127825783006664,0.138193560778599,0.0991023633726246,0.119895258149304,0.0962123895119174,0.0798806657161692
2218,0.0508213431725468,0.117398934857153,0.12791789243131,0.138314034024783,0.0991605723161707,0.120024519168482,0.0962828050034396,0.0799063068357105
2219,0.0508377716439763,0.117401780481579,0.127976141269191,0.138475349456252,0.0991365572760878,0.120143398961207,0.0963755532362778,0.0798814844305088
2220,0.0508368071463632,0.117459775401825,0.127983443665256,0.138608418308858,0.0991887796527151,0.120236923072979,0.0964112707761161,0.0799502328737243
2221,0.0507998889521609,0.117569883584906,0.12794554722954,0.138755031131517,0.099229979680336,0.120320186063041,0.0963745580035621,0.080131477252838
2222,0.0507941053639459,0.117638023126141,0.127990812445634,0.138824560740063,0.0992429945101389,0.120401819210452,0.0963511825914709,0.080158263974129
2223,0.0508104209882533,0.117723545110966,0.128017322867058,0.138855089473779,0.0993045610986287,0.1204569885473,0.0963068540033447,0.080175881310816
2224,0.0507968774570649,0.11773666306003,0.128030209405945,0.138844620949522,0.099311945415391,0.120540173054629,0.096300081361286,0.0801377720980779
2225,0.0507774447762183,0.117697601691684,0.128147133700296,0.138745581002461,0.0992269965417957,0.120721297340963,0.0962774855056997,0.0799505672250347
2226,0.0507519632169583,0.117690169602994,0.128161575051819,0.138703455205278,0.0992018151760961,0.120737804227002,0.0962627821124533,0.0798819223637597
2227,0.0506997912481492,0.117627921683342,0.128060639668697,0.138698988595646,0.0992604584367222,0.120630358762291,0.0963266619509049,0.0798767826778174
2228,0.0506734800087195,0.117593182902083,0.12801320377726,0.138615475475148,0.0991835710855041,0.120566070611527,0.0962953165978267,0.0798041156909393
2229,0.0506749679538101,0.117624430556913,0.127998672401485,0.138448263007042,0.0989623030680598,0.120454096231836,0.0961947760000798,0.0797309928004916
2230,0.0506293838923397,0.117594306718966,0.127899893602111,0.138359002875493,0.0988973285116909,0.120321102611953,0.0961328413871339,0.0796432103232241
2231,0.050557589981085,0.117543855359112,0.127733015359866,0.138321457087646,0.0989303114037648,0.120210552045314,0.0960519427998579,0.0795143152787753
2232,0.0505132816194784,0.117463435696715,0.127607296416391,0.138208201644017,0.098809874588448,0.120071110341396,0.0959386215205344,0.0793862295732442
2233,0.0504890889675076,0.117333862395804,0.127468792050453,0.138136276771911,0.098692565934315,0.119820764230256,0.0958414490447169,0.0792413028013978
2234,0.0504022901622931,0.117213867581318,0.127326243745098,0.137972277179688,0.0985625051940686,0.119641384049348,0.0957264050801236,0.0791208837250536
2235,0.0503008803996958,0.117095073453463,0.127215096732376,0.137652092435268,0.0982603768459347,0.119553532143934,0.0955916945199541,0.0790065763146116
2236,0.050193178082292,0.116927698383903,0.127077995386253,0.137389942095421,0.0980172092040603,0.119398437939185,0.0953969063356786,0.0788822459186049
2237,0.0500081877969635,0.1167737320549,0.126912824992953,0.137187211219126,0.0979838732210825,0.119194704454087,0.0952181601226267,0.0787190750619826
2238,0.0498283187699924,0.116570444794057,0.126664278888332,0.136901120866464,0.0979066663754837,0.118916459273697,0.0950447191861363,0.0786582635025282
2239,0.0497832781142024,0.116287841538188,0.126418856937812,0.136537903594516,0.0976313985956942,0.118422810908909,0.0948755393191261,0.078583960346933
2240,0.0496943748006773,0.116062625895888,0.126237548354379,0.136140644617792,0.0973285924246282,0.117993457348419,0.094614804888739,0.0783270950418686
2241,0.0495303423354022,0.115856730240951,0.125950234183734,0.13569126507227,0.0970395469449184,0.117651828082114,0.0943584425686397,0.0780965091529533
2242,0.0494419127429693,0.115615192407284,0.125640931120651,0.135324209622259,0.0967262644566326,0.117243801967754,0.0941637324725209,0.0779904680585855
2243,0.0493197594019287,0.115356675834971,0.125295459259371,0.134881165070324,0.0964637318872329,0.116785109647424,0.0938590502220373,0.0777445827643964
2244,0.0491493969661007,0.115102499323385,0.124843538025695,0.134427327778774,0.0963810790191133,0.116338900112842,0.0934385334204056,0.0773752559319309
2245,0.0489938069538316,0.114822669583159,0.124472936441291,0.133980598453674,0.0960643929745095,0.115846577323837,0.0931725608722113,0.0771585571115586
2246,0.0488702857151291,0.114489260821798,0.124138691684046,0.133526736293455,0.0955332463168487,0.115209487090992,0.0929569921110862,0.0769740738219521
2247,0.0487030732077904,0.114189099097666,0.123751173860075,0.133007127726944,0.0952487567980725,0.114708979556259,0.0926347719753463,0.0767086832065876
2248,0.0484903912217858,0.113934377457083,0.123382602423632,0.132504513783503,0.095070461378034,0.114385326592641,0.0923993198725201,0.076512996612364
2249,0.0483058958472829,0.11359246213064,0.122976804310332,0.131940739915023,0.0947058329427863,0.113818013838066,0.0920593278422853,0.0762766682758138
2250,0.0481433106889843,0.11320267537241,0.122498829828496,0.131239880655029,0.0944048107243978,0.113098514406527,0.091500327783815,0.0759294494835605
2251,0.0479492020946679,0.112833754401624,0.122069913269004,0.13061465452063,0.0940338129280081,0.112491898694569,0.0911137542348882,0.0756410664102693
2252,0.0477229045448789,0.11240706112007,0.121685528665715,0.130057933406369,0.0933895023691805,0.111791318257177,0.0908502891732965,0.0754275573579857
2253,0.0475128114902174,0.11201068138991,0.121210649813359,0.129428007577158,0.0929275066537333,0.111151971620373,0.0904498133441331,0.0751367871726307
2254,0.0472802076581842,0.111637578349484,0.120669805429364,0.12871963309294,0.0926787278931395,0.11067030476674,0.0899905045015457,0.0747240281897837
2255,0.0470793493231441,0.111263856290737,0.120199900126373,0.12805702595066,0.0922562833618085,0.110079715818817,0.0896186182181722,0.0744376461816168
2256,0.0469429546918361,0.110922176275025,0.119718536010825,0.127423184101765,0.0916816490663367,0.109381429161757,0.089266853085262,0.0743061960076386
2257,0.0467514339219379,0.110529363115269,0.119227957551593,0.126736390811188,0.0912596101966689,0.108741302582803,0.0888278139487527,0.0739999272664856
2258,0.0465251890672468,0.110104764164975,0.118786388216363,0.12603732892122,0.0908520532566685,0.108124701135515,0.0883791834549913,0.0736351626683917
2259,0.0463140132736925,0.10969389442449,0.118325203670039,0.12534555742995,0.0904298894722201,0.107494656088512,0.087974574669114,0.0733037510426428
2260,0.046109933458625,0.109226894305163,0.117814121065241,0.124600369450889,0.0900420863874118,0.106855089178938,0.0874476697965186,0.0728952320956551
2261,0.0458439129858695,0.108807640489682,0.117323416683582,0.123851274526395,0.0898269314583924,0.106214974913864,0.0870603975916326,0.0723919160506144
2262,0.0455788665045744,0.108451116590729,0.116883408053364,0.123163616425923,0.0893318527208003,0.105692459408212,0.0867400475012641,0.0721019823867432
2263,0.0453663010143345,0.108063514163712,0.11633735391536,0.122518830851579,0.0887028717214917,0.105158226973241,0.0863212127533557,0.0719065280779286
2264,0.0451273795970888,0.107650341034689,0.115808613859136,0.121878053601613,0.0882546424201591,0.104569791265643,0.0859517030995967,0.0716907462183284
2265,0.0449005816462847,0.107263472979425,0.115391755977699,0.121248474546035,0.0878699840356358,0.104009726868391,0.0855063936914755,0.0714452154619083
2266,0.0447280768927813,0.106863075812865,0.114879576217022,0.120637768877629,0.0874707303448908,0.103355335392299,0.0850178347346351,0.0710440975740282
2267,0.0446153865302615,0.106490051767768,0.114408846209568,0.120067875902919,0.0871123360189626,0.102706596862781,0.0847000991487936,0.0706602862211638
2268,0.0444330198222998,0.106112609817626,0.113957235840397,0.119473962445096,0.0867220567231533,0.102193060301266,0.0843585444595968,0.0703362444981778
2269,0.0442277708464228,0.105731094792494,0.113445353998306,0.118840648205684,0.0862066111408853,0.101824538233314,0.0839649105378743,0.069937960854783
2270,0.0440364933606598,0.105392044117132,0.113048388658496,0.118308378720287,0.0858098713677186,0.101339551474502,0.0836739456504885,0.069677291462933
2271,0.0438116222525149,0.105081795412067,0.112761613637656,0.117807717663106,0.0855241376893612,0.100862069897171,0.0835509897014296,0.0696073389191678
2272,0.0436231963700829,0.10477486985581,0.112430130831933,0.117372788409788,0.085232724291615,0.100428112405145,0.0832491959914524,0.0693731641867092
2273,0.0434801532136126,0.104503777116852,0.112161201406084,0.117065723450068,0.0849164276669527,0.0999711432581338,0.082872574903455,0.06906732623652
2274,0.043316004649195,0.104210522722165,0.111796369607492,0.1166547031496,0.0846451753406193,0.0995319550453833,0.082536392476313,0.0688554943451554
2275,0.0431242139212862,0.103896429584779,0.111315989244086,0.116193871985449,0.0845032179361132,0.0991180525938092,0.0820923844563402,0.06863622714178
2276,0.0429746266659611,0.103617326386861,0.111007343745021,0.115806987065295,0.0841964822391454,0.0987736910657755,0.081812223523809,0.0684188942884823
2277,0.0428464903026409,0.103369045994208,0.110761567598525,0.115428097849376,0.0837510873473543,0.0984428062051831,0.0816848051964083,0.0683118196337674
2278,0.0427212645399283,0.103103828216887,0.110484098453721,0.115075353436383,0.0834998206511083,0.0981300452464082,0.0814634580639312,0.0681035438236693
2279,0.0426475592641033,0.102830252823578,0.110322296468161,0.11480413246892,0.0832755164024955,0.0979676018076874,0.0813360202072503,0.0677849795037448
2280,0.0425214093784733,0.102571245193932,0.110078731314931,0.114486912693985,0.0830241082252847,0.0976562861602387,0.0810337969722465,0.067531700175244
2281,0.0423640719000702,0.102342646779828,0.109744575379179,0.114133855194908,0.0829342012083731,0.0971876409323276,0.0804793546448019,0.0672800871196613
2282,0.0422157707964248,0.102087567631855,0.109431395177417,0.113801497109303,0.0827428207340313,0.0968954306324911,0.0801809866433851,0.0670463160456627
2283,0.0420390848377631,0.101801089293213,0.109155807455486,0.113534404431274,0.0824120623062529,0.0967038808978246,0.0799644498525932,0.0668059622045105
2284,0.0418888862725918,0.101550603567678,0.108844864359578,0.11318589114754,0.0821319259116192,0.0964017272248925,0.0797070722400687,0.0666342888409068
2285,0.0417525452742829,0.101335797434504,0.108418881348287,0.112735892946757,0.0818949099212071,0.0961002265000713,0.0796370747629773,0.0665754415413106
2286,0.0416173910111781,0.101053263333356,0.108106026068046,0.112367490764468,0.081637290103007,0.0958230814585789,0.0794204817302411,0.0663939329407692
2287,0.041516788537451,0.100758092468715,0.107902867339037,0.112027831275755,0.0813613202821992,0.095481090908618,0.0790215799412401,0.066175881896033
2288,0.0413738025688335,0.100483733474557,0.107611785177562,0.111638331267228,0.0810704418663547,0.0951559694624677,0.0787018647692238,0.0659910395616383
2289,0.0411863772521122,0.100173085673778,0.10740888364983,0.111302552188966,0.0807854177506286,0.094991468319257,0.0784031283663358,0.0657629825823905
2290,0.0410451824164866,0.0998341076688787,0.1070840073134,0.110936406824486,0.0804898959203911,0.0946625459093904,0.0780873520060292,0.065506720769308
2291,0.0409254691323899,0.0995040611865143,0.106522729272559,0.110504039220612,0.0800900202107874,0.0940823615457591,0.0777789307000368,0.0652910489468028
2292,0.0407669662293065,0.0991933909882385,0.106099726965357,0.110027759667616,0.0798149583471623,0.0936750580063031,0.0774713600142064,0.0650404469679516
2293,0.0406161439754018,0.0988996762987507,0.105675420257303,0.109486274816496,0.0797972630040573,0.0933230153277733,0.0771829056625615,0.0647197678502557
2294,0.0404628289688349,0.0984931610263047,0.105327337641805,0.109038920373185,0.0794227330135816,0.0929502840423767,0.0768271574489529,0.0643245854734562
2295,0.0403006950805981,0.0981516231712458,0.105004855913653,0.108496490723407,0.0789685173833986,0.0926574228739734,0.0765067358665796,0.0641509503112304
2296,0.0400834674293489,0.0978000713957541,0.10471847016753,0.107975221979358,0.0787851812634788,0.0923798957996462,0.076233788116039,0.0641017915451142
2297,0.0398936473552491,0.0974132828440666,0.104426001404208,0.107541145310795,0.0783342702598066,0.0919393435269892,0.0759685902934532,0.0638631045260957
2298,0.0398125921366196,0.0970269629630397,0.103921302357504,0.107009084740884,0.0778616961213041,0.0914045625129411,0.0757123645175434,0.0636321998836062
2299,0.0396547573076086,0.0966675611070287,0.103408206400123,0.106495620934205,0.0775022666820694,0.0909355700139325,0.0753251589690511,0.0634016339394811
2300,0.0394789072319599,0.0963582966450842,0.102760584116058,0.105955206928712,0.0772241802583166,0.0904417114885494,0.0748550122096922,0.0630654963323159
2301,0.0393085865739131,0.095976939379937,0.102369079788727,0.105459613648524,0.0769135082517511,0.0899519373984236,0.0744322275670191,0.0627119954608506
2302,0.03911676389445,0.0955579328678137,0.102035650962022,0.104986434243845,0.0766953138217858,0.0894697680989273,0.0738645501346705,0.062383440690648
2303,0.0389329258181265,0.0951772970823766,0.101643978992577,0.104485234170258,0.0763039092132515,0.0890440763574333,0.0735579989920948,0.0620942970400362
2304,0.0387599466303853,0.0947704627066554,0.101407020786138,0.10399383055274,0.0757863304194615,0.088619099446675,0.0734963944744855,0.0616920963593298
2305,0.0385873622057859,0.0944061943246177,0.101041011810567,0.103452950283845,0.0754339127471399,0.0881890808763593,0.0731282948605632,0.0614102317830454
2306,0.0384100829301931,0.0941009672804895,0.100471330720885,0.102818907717601,0.075051386145789,0.0877925852962698,0.0727053314918571,0.0613554678666346
2307,0.0382359065453989,0.0937496219632439,0.100116024482038,0.10235047090763,0.0747073266192623,0.0874382250786943,0.0723509128562781,0.0610798520051065
2308,0.0380735442032333,0.093374234973024,0.0999700084589508,0.101944334982737,0.0744953010919148,0.0871173882675205,0.0717692657625082,0.0605846027971213
2309,0.0378890860463086,0.0930261396524869,0.0995872200807945,0.101524752193181,0.074217366135017,0.0867401167724479,0.0714895848885285,0.0603673307280717
2310,0.0376663498892842,0.0926360787534689,0.0990612149355055,0.101184760340818,0.0738722475839399,0.0863424954447461,0.0715126026755094,0.0603141511481899
2311,0.0375157693364204,0.0923575057915738,0.0987241040842738,0.100843723567638,0.0735890662564341,0.0860443736145382,0.0713206933174808,0.0600483861448255
2312,0.0373923117724979,0.0921884950837913,0.0984065470193141,0.100459295963831,0.0734261790733413,0.085748943819616,0.0711172851627428,0.0598108277816168
2313,0.037261612547519,0.0919346709755556,0.0980445260329001,0.10016422832545,0.0731430155256381,0.0854430668527375,0.0709422770813837,0.0595776594448343
2314,0.0372123421405087,0.0916672016306569,0.0977958080561108,0.100021046315025,0.0727174921295703,0.0852598357014412,0.0707706104547934,0.0591357267978705
2315,0.0370802981050016,0.0914826448945082,0.09749453455122,0.0997411350784411,0.0724274433882121,0.0850221878195133,0.070528986599076,0.0588546893510806
2316,0.0368447456909191,0.0913465635394822,0.0970554379112466,0.0993644807850006,0.0721558628247938,0.0846633915812899,0.0702034257804539,0.0587314232954933
2317,0.0367115478922686,0.0911156919998793,0.096701133074871,0.0991061831050852,0.0719199257746664,0.0844104492189721,0.0700031291374743,0.0586130328127247
2318,0.0366363537892618,0.09094350438874,0.0964636262209362,0.0989107070741797,0.0718559220160717,0.0842766257835846,0.0698456046418087,0.0585879779671909
2319,0.0364878260579727,0.0906910377809928,0.0961743268044762,0.0986354441280202,0.071639850474853,0.08405099394294,0.0696038045877069,0.0583747476807296
2320,0.0363719006673781,0.0902334471340032,0.0957934660525821,0.0983691689312709,0.0712879586190566,0.0837680967400601,0.0694437564330435,0.0580696720939794
2321,0.036226639728856,0.0899307843905853,0.0955021123324913,0.0981100535637565,0.0710338209937888,0.0835492305051812,0.0692337564295897,0.0578818389306335
2322,0.0359257575379618,0.0897701640626603,0.0953448942991939,0.0978146342206938,0.0707897002098627,0.0834165854453982,0.0688373736130209,0.0576654043431989
2323,0.0357767626823508,0.0894897547631158,0.0950705491930472,0.097477142434205,0.0705382061205678,0.0831607949891304,0.0685641815484718,0.057375657563857
2324,0.0357939992726475,0.0891582376687421,0.0947573191107502,0.0971497748491662,0.0703674725451738,0.082900866973929,0.0684472598882958,0.0572048476313114
2325,0.0356837826331327,0.0888651257585316,0.0944520297503582,0.0968378008386647,0.0701252457872208,0.082560929582012,0.0682213108968158,0.0569391882184251
2326,0.0355735149670562,0.0885217769772495,0.0941015533566086,0.0964029539586206,0.0697875932997399,0.0819241691231154,0.0679296205796793,0.0563226315356149
2327,0.0354529174100499,0.0882108356429658,0.0937085478664207,0.096063747378799,0.0695009577317981,0.0815570230923177,0.0676714766953769,0.0559968714795298
2328,0.0352428439598584,0.0879777272040342,0.0933262248145079,0.0959333717840473,0.0692222244605065,0.0814004604326529,0.0673742436466192,0.0559782102491519
2329,0.0350441396741478,0.0877056597550652,0.0929098834253808,0.0956283176893942,0.0689496375546066,0.0811163599164127,0.0671133594680057,0.0557649974293336
2330,0.034837592623056,0.087424157609468,0.0923099979989315,0.09520186684829,0.0687601184382766,0.0809807606896968,0.066976105212183,0.0554922589770636
2331,0.0346818000677494,0.0871033362945599,0.0918836560475007,0.0948294718555431,0.0684591963534527,0.0807085834323215,0.0667027143519279,0.0553292251425058
2332,0.0345486525194702,0.0867214300164015,0.0915888569340757,0.0944119555701973,0.067954113168543,0.0800829129767508,0.0662913332722518,0.0552125880139595
2333,0.0343854776174075,0.0863953129096227,0.0912538294123846,0.0939675622426233,0.0676655106867497,0.079734874464155,0.0659718613694305,0.054956085755178
2334,0.0342295713218727,0.0860965113825554,0.09100742856306,0.0935452908145689,0.0675364762653,0.0796463255650156,0.0656410959640803,0.0546591466872173
2335,0.0341326401502413,0.0857245993900225,0.0907670475410688,0.0931315147810039,0.0672876496212125,0.0793895380550742,0.0652816847865544,0.0544654968478152
2336,0.0339576230029507,0.0854488222829489,0.0903312601739282,0.0927230643281816,0.0670250455468361,0.0789101790265268,0.0650253997789926,0.0543186438716493
2337,0.0337909282155454,0.0852522071050782,0.0899164860431435,0.0921840415114638,0.0667811419187015,0.0786604274674592,0.0647542389305864,0.0539581851133503
2338,0.0337297718003915,0.0849549193361497,0.089568663805394,0.0917715614776122,0.0662061063908511,0.0784544192673914,0.0645603003320593,0.0536119361192683
2339,0.0336255477595068,0.0845943686664543,0.0891765118660186,0.0914807446866569,0.0657207222540607,0.078022547238943,0.064417278288866,0.0535230696299515
2340,0.0334824703068356,0.0842440052379988,0.0888746809215953,0.0910785325940474,0.0654138109300241,0.0776867253749526,0.0641093619587564,0.0533100526096305
2341,0.0333099797355982,0.083791714879579,0.0887528473249072,0.0906491852772197,0.0653099903311126,0.0776284704987784,0.0637858373374323,0.0529364218195248
2342,0.0331804055079966,0.0835303842989477,0.0883138275949883,0.0902671243673291,0.0650176572753519,0.0772274404848853,0.0634778655588668,0.0526727388059826
2343,0.0330243058154533,0.0833809845003276,0.0876674330860208,0.0898530546511698,0.0647210792165673,0.0763969721701197,0.0630191467680187,0.052561198331455
2344,0.0328878208137535,0.0831235418494007,0.0873178033156269,0.0894858902073304,0.0645073951955992,0.0761635887412763,0.0626885677947283,0.0523193475561984
2345,0.0328044029536085,0.0829345160370506,0.0869537725036302,0.0891951927151887,0.0642417400452891,0.076253593439557,0.0624627885909689,0.0519282184539411
2346,0.0326665655167532,0.0826583427267532,0.0865861835625292,0.0888076143315142,0.0640461209605008,0.0759639428844415,0.0622697874626382,0.0517286566649533
2347,0.0324802792989707,0.0822520400607973,0.0864706449080103,0.0883475879317469,0.064072098120084,0.0757198971641696,0.0620965223433291,0.0516613460174072
2348,0.0323371700303337,0.0819522890964407,0.0861285452207148,0.0880393432072809,0.0638166550717679,0.0755403115124304,0.0618582717091203,0.0514589378114331
2349,0.0322231662796726,0.0816936287005949,0.0854870763995628,0.0878107505066747,0.0633516135979407,0.0751294540610654,0.0617103613227324,0.0512464450745725
2350,0.0320614209026753,0.0814341232804635,0.0851488496682032,0.0874527839881908,0.0630637125550862,0.0748812670371367,0.0614795431833967,0.0510751509928113
2351,0.0318555229178428,0.0811852351797496,0.0850180805070143,0.087058336672494,0.0627538220821861,0.0749637520766003,0.0611042522321015,0.0508612931563747
2352,0.0317324424164513,0.0809505711649663,0.0846897472411714,0.0868155008935738,0.0624676517791947,0.0747723407194622,0.0608189490329628,0.0506475953616851
2353,0.0316331192152333,0.0807659924109957,0.0843325434823267,0.0865819839925348,0.0622466821535847,0.074299027717942,0.0605817980842006,0.0505332677692475
2354,0.0315089661990381,0.0805111754717039,0.0840452720439086,0.0862865394565524,0.0620610330044345,0.0740625913891312,0.0603484377158939,0.0502898194260665
2355,0.0314559984008683,0.0802246741225771,0.0836561111004151,0.0861243970887074,0.0619493923353972,0.0739586675616376,0.060136864224569,0.0498473360324558
2356,0.0313357352189543,0.0799596678867358,0.0833912323778749,0.0859084367061967,0.0616554844451389,0.0737829091634379,0.0598643559888866,0.0496456634293886
2357,0.0311084990332069,0.0796646300694576,0.0834012662455233,0.0855380673925269,0.0612420979359487,0.0736718490425341,0.0595699680938645,0.0495869926076494
2358,0.0309836839285955,0.0793833013837309,0.0830697047821068,0.085230373713512,0.061064359698378,0.0734217674008347,0.0593261631352678,0.0493822121799035
2359,0.0309452911453847,0.0790805185919082,0.0824644307851265,0.0851255042707137,0.0609053893523554,0.0730528937117787,0.0590278667514656,0.0492501780228672
2360,0.030804665273485,0.0788707766408741,0.0821411879064516,0.0847624388191992,0.0606607091732159,0.0727753650576456,0.0588037905184769,0.049025980287126
2361,0.030601672342377,0.0787567803901549,0.0817873394647929,0.0840332746845243,0.060637364926492,0.0724297155017473,0.0586768378036923,0.0485376325212402
2362,0.0305022130189506,0.0785200277923871,0.0814998811486839,0.0837158612620853,0.0604304952605228,0.0721784580128281,0.0585275344887349,0.0483409020188506
2363,0.0304201942938467,0.0783091124342647,0.0815380071072799,0.0835634589751203,0.0599170139743328,0.0721345364593101,0.0584012022969104,0.0484676239398495
2364,0.0302987198079241,0.0780553567717475,0.0812763393921612,0.0833200988449758,0.059574767461992,0.0718293904525145,0.0582373951692132,0.0482050124532707
2365,0.0302562330945935,0.0776565030912748,0.0807727547240194,0.0834395521779117,0.059346648341025,0.0712935845964902,0.0581214761047449,0.0477025347144919
2366,0.0301612609912153,0.0773372273983932,0.0804008707786216,0.0831076602189719,0.0590772021420472,0.0710205748471955,0.0579141872889984,0.0475171090484702
2367,0.0299224523435557,0.0771066690059203,0.0799685514086106,0.0821772806253618,0.0587122147426517,0.0707089714744118,0.0576035425313149,0.0473336070685515
2368,0.0298169051457263,0.0767938509747353,0.0796247394526286,0.0818315293876564,0.0584935101045553,0.0705031448547669,0.0573251403221827,0.0470523118846174
2369,0.0299025114954835,0.0763456679947377,0.0793507292705934,0.0818102028694671,0.0585374200644728,0.070772072234923,0.0570216923763013,0.0469725792167375
2370,0.0297694047590888,0.0760773414534487,0.0791001847587776,0.0814025149078014,0.0582507850740876,0.0705273856397037,0.056718361733286,0.0468544101504674
2371,0.0295035756786514,0.0759574977908847,0.0790108451206807,0.0810117083915649,0.0577301740691009,0.0697045279672137,0.0563885193049788,0.0464576478111743
2372,0.0293422817369027,0.075686659663439,0.0786958368927964,0.0807398798459323,0.0574513381694353,0.069484419110513,0.0561092321081462,0.0462421611760573
2373,0.0290668530391953,0.0754192048209058,0.0782350172277868,0.0801246399630236,0.0571046945834983,0.0694696516309183,0.0558457294093589,0.0463882983600069
2374,0.0289011733129041,0.075179390961907,0.077886349547829,0.0797444275312435,0.0567808505134785,0.0692739756817392,0.0555817517181554,0.0462632601328135
2375,0.0289669763064166,0.0748118238761247,0.0773969094498986,0.0799233141573256,0.0567670544548406,0.0695347218526878,0.0553235883440669,0.0458802908455456
2376,0.0288526062687517,0.074523865580904,0.0770303275841568,0.0797051885071937,0.0565237372274053,0.0693930941356918,0.0551282976516131,0.0456691466984855
2377,0.0285722292233208,0.0744341634890791,0.0769421855290648,0.0791981612373723,0.0558684895740145,0.0685601571869238,0.0550443242354932,0.0455164528425361
2378,0.0284443039678813,0.0741774257680436,0.0766264174662218,0.0787493490163176,0.0556010597035113,0.0682106037891343,0.0548108894911665,0.0453008451825015
2379,0.0283514929486252,0.0737028011878524,0.0761785014574647,0.0781043697922577,0.0556679935453805,0.0682582368716524,0.0545382342688069,0.0451223758762129
2380,0.0282393604646859,0.0734342092668887,0.0757534010011333,0.0776967395376559,0.0554638339725155,0.0679321259578535,0.0542818337787383,0.0449296806123221
2381,0.0282885248692576,0.0733033068980917,0.0751002180673021,0.0774689768338702,0.0552496997293195,0.0674053448243556,0.0538137267284929,0.044609960644158
2382,0.0281847450357985,0.0730341663179853,0.0747210925516577,0.0771141310164417,0.0550992934838298,0.0671448566623224,0.0535537789129089,0.0444065635443624
2383,0.0278111013744186,0.0727853264550491,0.0746150434173274,0.076856762129291,0.0548868065253589,0.0667790798813244,0.0537063867085643,0.0443480056316159
2384,0.0276940939642276,0.072558713525467,0.0743214327052555,0.0765452746394199,0.0545449541707166,0.0664847464945855,0.0534067680805494,0.0442001984616017
2385,0.0277746855376805,0.0722592861259216,0.0741140362471178,0.0760388924471119,0.0542399910384223,0.0667098983541979,0.0526831188135188,0.0441088011500524
2386,0.0276804355322558,0.071915801854827,0.073827314209934,0.0756556591727727,0.0539189561855231,0.0665191364145913,0.0523729989415395,0.0438970948832899
2387,0.0276625878441152,0.0715716275927698,0.0732602682686093,0.0754264180943466,0.0531674456884869,0.0658756707463745,0.052092217925049,0.0435240355838838
2388,0.0275751906015262,0.0712968776734772,0.0728899143383179,0.0751018599952018,0.0528393152012765,0.0654551094142497,0.0517254745585448,0.0432276096424247
2389,0.0272359420957894,0.0709433591009361,0.0726355340950136,0.074784029839706,0.0531054142467885,0.0649577016893884,0.0516609008889405,0.0427979229041811
2390,0.0270212644765683,0.0706471012819286,0.0724066711836874,0.074397297438821,0.0529270138433722,0.0645654912533973,0.0515228550358592,0.0425566815452661
2391,0.0268861273138465,0.0706053565499727,0.0725188280777971,0.0738093517100083,0.0525468085993409,0.0643792297916848,0.0510560467110122,0.0425791345185422
2392,0.0267731982943342,0.0703536269788519,0.0722004077469093,0.0734292469797808,0.0523693674432793,0.0641070705968117,0.0507788440110941,0.0424209507923002
2393,0.0267557688819219,0.0698449276505101,0.0713665890753031,0.0732707672984911,0.0520749077243745,0.063913184455136,0.0508461435199074,0.0422495934986777
2394,0.0266297567550847,0.0695256074747902,0.0709987475110289,0.072884619681778,0.0517632782202498,0.0635617352871223,0.0507134583872623,0.042099111361838
2395,0.026409625942338,0.0692405192313723,0.0707545213840693,0.072382735339721,0.0517350206020186,0.0629435167015795,0.05036499498406,0.0417708443778252
2396,0.0263050303609856,0.0689440364945617,0.0703334486442434,0.0720507367000069,0.0515561371874242,0.0625697899019621,0.0501977767306481,0.0415763834551224
2397,0.0262296669558425,0.0688209815048602,0.0702248203315678,0.0716183051813025,0.0510237953939252,0.0622616961668039,0.0501592858714334,0.0416737882653899
2398,0.0260967157027454,0.0685901824691217,0.0699781123482222,0.0712490379670038,0.0507042716087701,0.0619282795538398,0.0499959087950721,0.0415163576921645
2399,0.0259661374011056,0.0682119388513494,0.0691695843567687,0.0712547032278739,0.0506390867945741,0.0618412623464236,0.0499600670314305,0.041094047191362
2400,0.0259432793590012,0.0679043022959146,0.0687488674774012,0.0710118432742619,0.0503836642032365,0.061606816752774,0.0497562211155284,0.0409178215979324
2401,0.026015644365113,0.0676355864450821,0.0688922744611881,0.0704689862584164,0.049981546836628,0.0611750776632129,0.0491914828376187,0.0407945165611401
2402,0.0259245588013756,0.0673295113616692,0.0686339144713621,0.0700729619826807,0.0497423839218794,0.0608052417099463,0.0488512312123148,0.0405882521663106
2403,0.025848851226218,0.0669803636493455,0.0680824217785939,0.0696261111289447,0.0495701237325505,0.0603686283664953,0.0486415047966938,0.0405917418287318
2404,0.0257654339876131,0.06669298089191,0.0678136259386416,0.0692755707674334,0.0492684475651543,0.0600557755711296,0.0483353969148818,0.0404783553804159
2405,0.0253898051569839,0.0664644831347618,0.0675802638347827,0.0692295644173637,0.0488306539369133,0.0599344996072597,0.0480281547360908,0.0401315996270318
2406,0.0252084964573199,0.0661691262028952,0.0672169686320626,0.0689226010907732,0.0487185436936827,0.0596393060042626,0.0478127308921264,0.0398393460994951
2407,0.0253396935998195,0.0658566471990994,0.0671198977685151,0.0682801621519703,0.0490738418107587,0.059296594344598,0.0476183898715754,0.039484774017851
2408,0.0252848223796976,0.0655940553077439,0.0668523185671362,0.0679555884845027,0.0488029234561679,0.0590015751862738,0.0473539812062033,0.0392809496426951
2409,0.0251731841619413,0.0652772753764614,0.0660736219312151,0.0679209334617297,0.0481421018357889,0.0585703966855062,0.0472008379728815,0.0393991773070495
2410,0.0250502174389574,0.0649911889853191,0.0655997968633807,0.0675138785799384,0.0478943131091513,0.0582002991118148,0.0469744676274695,0.0391331303748729
2411,0.02473322535292,0.0648757694555382,0.0654352115373038,0.0670791953342476,0.0473375674028869,0.0578400346448384,0.0464658124721658,0.0384534140432513
2412,0.0245407941587841,0.0646222150153219,0.0651080294241256,0.0666770171821733,0.0468595195089674,0.057624018966256,0.0461671281292285,0.0382069742376081
2413,0.0245178363312177,0.0641476032744591,0.0649664522600841,0.0657817075273812,0.0471349511563688,0.0577821499490592,0.0462283998919241,0.0380720757710578
2414,0.0243883225023096,0.0638613288830057,0.0645655335494859,0.0651045058506248,0.0470168744601998,0.0575168222537582,0.045949070248133,0.0377488462127107
2415,0.0241781896768936,0.0637289669577147,0.0634885962305762,0.0647154810563653,0.0461134020333094,0.0568121929338948,0.0453199048454887,0.0378149296109765
2416,0.0240700718097532,0.0634470034361036,0.0630101943907585,0.0643937269277768,0.0457443177609809,0.0565703901348946,0.0450382249135036,0.0377025880191926
2417,0.0240568213988586,0.0630835045010486,0.062858381299444,0.0642764086299177,0.0457994535696394,0.0565327538600867,0.04478479706849,0.0373397339798271
2418,0.0238813444405413,0.0629572501570586,0.0627298356469838,0.0639291542980841,0.0457851727878147,0.056171952841809,0.0445051492675168,0.036525855170085
2419,0.0236247075534233,0.0626940710107198,0.0624089713831606,0.0638119459011397,0.0451185561516335,0.0554439624290668,0.0443830013166261,0.0364110186876842
2420,0.0234590035317291,0.0620964904113884,0.062062784498348,0.0633372800252352,0.0447330657896673,0.0551452482693012,0.0444055846208322,0.0364497588603904
2421,0.0234388714923848,0.0617822703446325,0.0613230033012634,0.062358078244224,0.0444637555578373,0.0548450225968143,0.0440755062634912,0.0359823549785931
2422,0.0232527833563361,0.0615961543356794,0.0604701947577336,0.061859719263533,0.0436985816302362,0.0541246665572264,0.0434487456086409,0.035953830390542
2423,0.0230876831054343,0.0611739200529749,0.0602230671773887,0.062008633231886,0.0437652132301002,0.0539274058864603,0.0431144669568782,0.0362079132271802
2424,0.0232475291968472,0.0609293394495636,0.060420000735556,0.0618606863749581,0.0442393979022204,0.0538713488199134,0.0432946368873835,0.0359688090014056
2425,0.0232282313810775,0.0608067352894594,0.0603933070620213,0.0615177496161081,0.0438495595286594,0.0532753325819133,0.0433473620196516,0.0357234431838313
2426,0.023082763776713,0.0604145284822424,0.060213563286744,0.0614254620196611,0.0436377272860311,0.0527816942382273,0.0429427426220965,0.0357086515660911
2427,0.0229588842891893,0.059910867984136,0.060163344926402,0.0608094891978759,0.0434919526280663,0.0524409476868605,0.042589070987972,0.0355047660633444
2428,0.0227944450662537,0.0595425170161947,0.0598899047777614,0.0600279776856125,0.042748137638419,0.0524283013031156,0.0424393746432742,0.0350697491256383
2429,0.0226790335133127,0.0593547758523018,0.0593946458381248,0.0599921922951532,0.0422202710580807,0.0525028883168901,0.042393478258519,0.0350194724986242
2430,0.0225070576430479,0.0590800007032216,0.0591838904996094,0.0598524541174731,0.0418189613767168,0.052001856560634,0.0424568547618151,0.0351765509878514
2431,0.0224978528086394,0.0588067602060391,0.0589146701858798,0.0593382866613927,0.0417161705769822,0.0518067049178731,0.0421659635247695,0.0349312759666923
2432,0.0225766713311846,0.0588086865713716,0.0582101442416236,0.0591020279389124,0.0419720175735798,0.051605612013157,0.0414228675455943,0.034434846730897
2433,0.0224392443328709,0.0584928065684271,0.0574265854866625,0.058734386778647,0.0418358080766156,0.0508627252374385,0.041030037493693,0.0339452807537629
2434,0.0222098564793535,0.0578811637380632,0.0570113945777621,0.0580739162603555,0.0415554537483852,0.0505737762505125,0.0411070540556526,0.033920921224229
2435,0.0220473978823902,0.0576975657188968,0.0569197327729431,0.057359247731047,0.0412469136906775,0.0504497661502397,0.041141934857037,0.0341089451458781
2436,0.0219310580466026,0.057449344305173,0.0566569547573151,0.0566678290201126,0.040657158604833,0.0500554766707949,0.0409720368580924,0.0338488241967184
2437,0.0214872900638222,0.0569430881732437,0.0565083333966372,0.0563971330959803,0.0400983447215218,0.0497739958290147,0.0403767805433271,0.0334997825454221
2438,0.0211347038107907,0.0567388997346814,0.0563510987959353,0.0560231689083292,0.040085057189588,0.0492713770007425,0.0397675410246415,0.0330867650296266
2439,0.0213030571707442,0.0564168230471766,0.0558841475128595,0.0556232116153168,0.0401475163547915,0.0487548299128228,0.0395456415416542,0.0326937311982731
2440,0.0210434265126662,0.0559321611804845,0.0557427527176607,0.0557708349136262,0.0395008701049646,0.0488620970823581,0.0394669683288443,0.0328582601731677
2441,0.02065355359334,0.0558319192825852,0.0556438869267595,0.0556008481777326,0.0388997748642268,0.048707855068928,0.039299188121239,0.0329632549525289
2442,0.0208924663121091,0.0558026282318306,0.055022273835382,0.0552640367341091,0.0390321693317161,0.0482585136330883,0.038728843447004,0.0327145393722276
2443,0.0209179135768012,0.0556352774500246,0.0548019217839279,0.0553684385004495,0.0395094593083963,0.0479781509077119,0.038498216180046,0.0326185893353826
2444,0.020698594121268,0.0553313594252826,0.054406992792999,0.0552766667196916,0.0396007377884018,0.0472156269145881,0.0384447544285818,0.0323099841344058
2445,0.0209234180530081,0.0547551469074598,0.0534469036981635,0.0545886346840408,0.0389495126727445,0.0468299126456863,0.037869254538883,0.0319298085079386
2446,0.0210521426475593,0.0542851511102663,0.0537530195015034,0.05378948602713,0.0383049336062703,0.0470495073757112,0.0376839600252656,0.031877489296593
2447,0.0208802042218888,0.0540553494434551,0.0536806834160744,0.05323940578651,0.0380779447944198,0.0465767330618765,0.0376272913327144,0.0314145183132093
2448,0.0207755257117727,0.0538800631616974,0.052822999258511,0.0524536804275842,0.0377478916182435,0.0457598488631819,0.0371928025588543,0.0310850230946508
2449,0.0205770168661543,0.0537880896621006,0.0527834518828017,0.0515997316919952,0.0372485735558342,0.045303334976818,0.037051127405837,0.0312067748149849
2450,0.0204404653169413,0.0535729763882019,0.052566051523877,0.0518150616903072,0.0372988214026704,0.0448087212081356,0.0373790933176099,0.0311699682829805
2451,0.020432315488353,0.0531903797450731,0.0522403358442899,0.0521923787904625,0.0371901116945944,0.0442657502114937,0.0368609102735538,0.0307602474996098
2452,0.0203279939346025,0.0528961679347395,0.0517104454674711,0.0515208493451573,0.036400708025977,0.0444948572988822,0.0358158650793943,0.0300934288020401
2453,0.0201191498201727,0.0526507378313968,0.0506323494766769,0.0509772784585115,0.0367878944278284,0.0448687791370813,0.0359031975129995,0.029847975778374
2454,0.0198600217952691,0.0523519701599697,0.049971915899623,0.0508496452069273,0.037710832566597,0.0445245550290504,0.0359406085284388,0.0295184669317018
2455,0.0195162634909438,0.0521923614547172,0.0505587292601496,0.0505191155476707,0.0367184343715353,0.0444684060242003,0.0362087402089929,0.029401179767873
2456,0.0193337545993668,0.0518551804681538,0.0502417678115117,0.0500877291364495,0.0362874174808968,0.04445311583653,0.036256747449722,0.0293536175131356
2457,0.0195222647265221,0.0510692478000674,0.049932146057081,0.0497444480497182,0.03585362788683,0.0440542002348981,0.0355481653931084,0.0290516338166011
2458,0.0195675170363437,0.0508435779558716,0.0500142563674608,0.0494436473894335,0.0356872300927598,0.0437907320794074,0.0351496063586634,0.0290982949712221
2459,0.0195204758873043,0.051155757333908,0.0495965251567985,0.0489968807576874,0.0364500311026927,0.0439590913405286,0.0349210112014215,0.0300978995266215
2460,0.0195113033527581,0.0509756935741611,0.0490060900356651,0.0485849695356119,0.0362564801435541,0.0438275205778118,0.0348506481619827,0.0301045581479105
2461,0.0196076761519079,0.0508796853533415,0.0490767225022409,0.0486614299094553,0.0349508941310743,0.0431623153583173,0.0354505129114937,0.0291018554692712
2462,0.0195404698677414,0.050791612756938,0.0489920173347299,0.0482195843240422,0.0348383175157495,0.0429874114107988,0.0352658184789592,0.0289037404196838
2463,0.0192625643977317,0.0501686663350235,0.0478092701627509,0.0466955123789934,0.035542718960387,0.043234497766787,0.034112223328777,0.0288592613118664
2464,0.0191578823884779,0.0497781537999518,0.0472928284793849,0.046178993101025,0.0351527578642904,0.0430160482118669,0.0339605384320972,0.0284207865975138
2465,0.0190821828848793,0.0498576825393997,0.0479651103440913,0.0464338893198507,0.0346419614324406,0.0429428281299675,0.0342918219516018,0.0282554978326461
2466,0.0189643992526831,0.0497012142791787,0.0478981816505814,0.0460812877973,0.0346417760747973,0.0427517415894466,0.0339115161921288,0.0282770632937999
2467,0.0190491363684469,0.0492794532262515,0.0472563594888015,0.0456962962532481,0.0337244731401894,0.0417612471217212,0.0335799737657915,0.0280204987467956
2468,0.0189455440914334,0.0489143067973739,0.0470056681980777,0.0458031655594298,0.032986562413393,0.0413504761549095,0.0337687195595308,0.0274710014648232
2469,0.018406354933684,0.0484929243576512,0.0466958597408237,0.0461649944168388,0.0334379709747983,0.0414609286256194,0.0337191004626468,0.0267518699680447
2470,0.0182210119288357,0.0481857929408435,0.0462969533447944,0.0458147968361057,0.0336409257423569,0.0412865862524743,0.033319191055213,0.0267858134351096
2471,0.0183090597217288,0.0479977574554826,0.0460172232735556,0.0454262545496485,0.0332949575569157,0.0414059799906616,0.0333562985708427,0.027168904286759
2472,0.0183228383420485,0.0477657999299468,0.0460020543612054,0.0454290631861801,0.0327846625617305,0.041218251141686,0.0337277951320623,0.0268603943901926
2473,0.0186536353257265,0.0476439209310061,0.0464195950273289,0.044910011275215,0.0323763381792816,0.0402112722926594,0.0338001793738035,0.026742310600556
2474,0.0186729938364049,0.0474303469760061,0.0460324878466079,0.0442078276294415,0.032286999007099,0.0400090715058436,0.0334510436518546,0.0270517710408957
2475,0.018219284412215,0.0467521399622255,0.045039016938695,0.0438642011580293,0.032055671986252,0.0404658909858338,0.0333807540682527,0.0269846469024487
2476,0.0179836000743664,0.0466169742556585,0.0447600990224775,0.0439187521604214,0.0314363555366088,0.0404478509282622,0.0335961050545663,0.0266512716207043
2477,0.0176568157711316,0.0473353170101968,0.044480045992438,0.043764211736973,0.0308615362904744,0.0409673991975939,0.0332404852826398,0.0269912343667062
2478,0.0176587858506494,0.0471623293320647,0.0438050816509821,0.0433199983056064,0.0306362027715027,0.0409292545932431,0.0327815942928889,0.0271049602391261
2479,0.0181901906386982,0.0464976567106693,0.0432727022694818,0.0432140334848445,0.0298494090918246,0.0396705344859289,0.0331787777413042,0.0257768459272055
2480,0.0183278065209014,0.0464659644969456,0.0432084194407686,0.0435227881660753,0.0296236452689867,0.0392127670873877,0.0333788325804434,0.0256092765054333
2481,0.0184305314594329,0.0461219935548634,0.0425588951886941,0.0435055165313439,0.0307931283078118,0.0389963320421154,0.0327425040897242,0.0273021224416107
2482,0.0184249757887582,0.0457806570409952,0.0424567041986327,0.0434333609330328,0.0313157730227818,0.0389442417953553,0.0320114427901533,0.02760619379653
2483,0.018089665494087,0.0462492765919518,0.044012321329963,0.0446830890454627,0.0312227769731196,0.0394698449547781,0.0311167053383533,0.0271583006963566
2484,0.0178871978373272,0.0464182413913878,0.0446007757668846,0.0447332789314933,0.0312709250936717,0.0397309231289306,0.0311731916992459,0.0269773289148672
2485,0.0175640856039002,0.0460452657758467,0.0441914823888342,0.0429174038497364,0.0312893832801342,0.0404868487182596,0.0317690165241304,0.0258481962626974
2486,0.0175646750871934,0.0456390570871349,0.0444625150610373,0.0424767593446071,0.0314327154348283,0.0404565311885807,0.031656431661802,0.0257781025086767
2487,0.0179513414765858,0.0451383314164677,0.0455032510665347,0.0427575430719268,0.0318768432445975,0.0394324357737004,0.0323270557306584,0.027165507597304
2488,0.0179369285540575,0.0451938518978073,0.0453503522964762,0.0424087819388827,0.0319953272776768,0.0390350346934914,0.0326275822759152,0.0273248119978047
2489,0.0179381199381329,0.0456369022620245,0.0448677777228214,0.0421804744405,0.0319156880865617,0.0384543622566025,0.031218290942195,0.0269524540364547
2490,0.0180310489166492,0.0453807324799275,0.0444631977945772,0.0422558417859223,0.0320956886300328,0.0380167640713,0.0309638606513727,0.0269474746169291
2491,0.0175920573921924,0.0450775148313626,0.0425286672291513,0.0420406761741795,0.0319966410050187,0.0381987304096137,0.0324292115362032,0.0266371481477504
2492,0.0175662879272462,0.0451229420236827,0.0415808835293042,0.0418492273498357,0.0318318933553416,0.038113209005024,0.0325216200110241,0.0260663239210802
2493,0.0183034847745547,0.0446794336966022,0.0413694200080531,0.0421351286549415,0.032420322268762,0.0374101519643467,0.0314553578350997,0.0254203121582486
2494,0.0183987001301206,0.0440653458017841,0.0411330355188714,0.0422963453582729,0.032044957449425,0.0370291724279514,0.0308083614134098,0.0252575007299886
2495,0.0183060208736266,0.043919031803099,0.0411162056649081,0.0424288816749556,0.0302361123996815,0.0375692051920986,0.0298995161763358,0.0248219678858361
2496,0.0182397168913807,0.0442706760643915,0.041795590522209,0.041955119973735,0.0299174698579647,0.0373193715688204,0.0298479420894777,0.0246002998945075
2497,0.0176506147203358,0.0442796135752738,0.0439854143490932,0.0410238226235073,0.030219961444159,0.0357811062268347,0.0307844710642404,0.0255288685465183
2498,0.0172777806575844,0.0441649860028159,0.0438067862868814,0.0409033213753905,0.0301479159378028,0.0357566223182952,0.0307803338050595,0.0258921272858446
2499,0.0171415723498111,0.0450900429497107,0.0421388845137859,0.0400340696668023,0.0309887975490069,0.0367293311139639,0.0310151319420474,0.0259770578278121
2500,0.0168025863289802,0.0454035441120323,0.0420103291049714,0.0402486826980317,0.0313154960091579,0.0367772741584066,0.0301805772428764,0.025118401190405
